  BITACORA DE LOS DATOS DE LA PRUEBA DE FUERZA VERTICAL DERECHA DEL EJE DELANTERO
>>> .******* VALORES RECOGIDOS EN BRUTO .<<<<<**** 
>> CANT. VALORES <<669
210
208
209
208
209
209
209
209
1304
1274
1258
1331
1392
1400
1304
1252
1288
1323
1393
1384
1272
1290
1247
1327
1410
1370
1295
1273
1243
1321
1424
1387
1338
1259
1248
1306
1444
1384
1357
1244
1257
1292
1386
1384
1379
1259
1260
1279
1357
1377
1400
1295
1247
1263
1328
1384
1407
1364
1251
1217
1304
1337
1452
1349
1322
1240
1226
1326
1401
1426
1372
1258
1224
1250
1355
1400
1422
1307
1247
1194
1296
1392
1423
1401
1318
1217
1209
1296
1400
1450
1416
1281
1222
1210
1295
1401
1480
1394
1305
1210
1212
1294
1415
1448
1419
1312
1224
1182
1283
1387
1448
1434
1340
1224
1187
1232
1512
1405
1482
1369
1273
1211
1190
1274
1443
1436
1451
1320
1216
1187
1232
1355
1432
1480
1385
1299
1188
1168
1267
1400
1455
1488
1381
1249
1178
1177
1272
1422
1470
1486
1371
1229
1167
1177
1274
1418
1471
1475
1390
1243
1151
1184
1240
1384
1472
1497
1432
1279
1184
1144
1179
1504
1449
1515
1480
1323
1228
1122
1164
1258
1411
1488
1496
1444
1291
1169
1134
1162
1304
1419
1528
1498
1419
1279
1137
1141
1172
1310
1408
1544
1499
1437
1278
1131
1115
1154
1276
1427
1520
1512
1481
1322
1178
1122
1115
1224
1391
1467
1570
1512
1382
1279
1105
1099
1144
1256
1408
1528
1516
1529
1353
1227
1113
1069
1154
1265
1416
1528
1580
1488
1410
1258
1113
1100
1113
1215
1384
1499
1563
1546
1459
1308
1182
1098
1065
1162
1280
1416
1528
1581
1512
1451
1283
1158
1088
1089
1144
1288
1416
1490
1581
1514
1465
1330
1192
1122
1513
1112
1256
1331
1463
1538
1547
1481
1436
1290
1168
1115
1106
1132
1272
1315
1448
1536
1512
1496
1451
1291
1243
1165
1097
1176
1189
1264
1408
1440
1490
1543
1434
1425
1320
1216
1193
1129
1162
1200
1260
1362
1419
1496
1496
1483
1438
1364
1296
1235
1179
1166
1192
1216
1270
1497
1395
1471
1473
1488
1432
1384
1324
1243
1216
1177
1193
1200
1248
1304
1360
1408
1456
1464
1452
1450
1369
1339
1275
1216
1220
1202
1216
1256
1268
1310
1376
1388
1450
1444
1425
1419
1368
1344
1295
1258
1247
1234
1243
1256
1272
1288
1328
1517
1371
1416
1403
1423
1395
1379
1512
1322
1296
1279
1259
1264
1266
1251
1277
1275
1304
1336
1345
1384
1394
1408
1384
1395
1368
1344
1336
1305
1304
1291
1281
1276
1288
1273
1280
1286
1296
1314
1327
1516
1362
1382
1370
1400
1370
1371
1368
1338
1344
1328
1307
1299
1272
1272
1258
1247
1257
1257
1289
1312
1336
1370
1375
1401
1389
1405
1382
1376
1350
1341
1327
1315
1312
1305
1298
1292
1288
1274
1278
1272
1275
1281
1296
1310
1328
1346
1357
1359
1376
1385
1384
1387
1376
1368
1360
1504
1344
1335
1319
1315
1307
1292
1289
1271
1276
1272
1275
1276
1286
1296
1310
1323
1336
1344
1355
1354
1372
1368
1371
1375
1376
1363
1361
1355
1343
1512
1336
1336
1334
1322
1320
1313
1302
1295
1283
1283
1281
1296
1281
1291
1296
1304
1304
1308
1316
1320
1328
1332
1335
1343
1337
1360
1356
1361
1360
1364
1363
1360
1354
1355
1351
1345
1341
1343
1342
1340
1338
1340
1332
1323
1321
1320
1316
1295
1304
1298
1298
1288
1290
1284
1288
1284
1288
1289
1291
1295
1305
1309
1311
1323
1331
1336
1520
1353
1357
1359
1360
1368
1358
1355
1353
1355
1528
1353
1523
1347
1528
1350
1349
1347
1348
1344
1344
1342
1339
1337
1336
1336
1334
1330
1329
1330
1327
1323
1325
1320
1320
1320
1320
1313
1311
1320
1305
1309
1308
1304
1310
1308
1301
1304
1297
1299
1298
1296
1295
1300
1296
1304
1296
1304
1301
1301
1304
1302
1309
1311
1311
1320
1322
1334
1337
1339
1353
1520
1356
1358
1368
1359
1361
1357
1357
1359
1358
1355
1357
1357
1354
1359
1355
1353
1513
1348
1512
1346
1343
1337
1336
1325
1323
>>> FIN  DE ARCHIVO  DE VALORES BRUTO <<< 
>>> .******* VALORES RECOGIDOS ARMONIZAR .<<<<<**** 
>> CANT. VALORES <<669
210
208
209
208
209
209
209
209
1304
1274
1258
1331
1392
1400
1304
1252
1288
1323
1393
1384
1272
1290
1247
1327
1410
1370
1295
1273
1243
1321
1424
1387
1338
1259
1248
1306
1444
1384
1357
1244
1257
1292
1386
1384
1379
1259
1260
1279
1357
1377
1400
1295
1247
1263
1328
1384
1407
1364
1251
1217
1304
1337
1452
1349
1322
1240
1226
1326
1401
1426
1372
1258
1224
1250
1355
1400
1422
1307
1247
1194
1296
1392
1423
1401
1318
1217
1209
1296
1400
1450
1416
1281
1222
1210
1295
1401
1480
1394
1305
1210
1212
1294
1415
1448
1419
1312
1224
1182
1283
1387
1448
1434
1340
1224
1187
1232
1512
1405
1482
1369
1273
1211
1190
1274
1443
1436
1451
1320
1216
1187
1232
1355
1432
1480
1385
1299
1188
1168
1267
1400
1455
1488
1381
1249
1178
1177
1272
1422
1470
1486
1371
1229
1167
1177
1274
1418
1471
1475
1390
1243
1151
1184
1240
1384
1472
1497
1432
1279
1184
1144
1179
1504
1449
1515
1480
1323
1228
1122
1164
1258
1411
1488
1496
1444
1291
1169
1134
1162
1304
1419
1528
1498
1419
1279
1137
1141
1172
1310
1408
1544
1499
1437
1278
1131
1115
1154
1276
1427
1520
1512
1481
1322
1178
1122
1115
1224
1391
1467
1570
1512
1382
1279
1105
1099
1144
1256
1408
1528
1516
1529
1353
1227
1113
1069
1154
1265
1416
1528
1580
1488
1410
1258
1113
1100
1113
1215
1384
1499
1563
1546
1459
1308
1182
1098
1065
1162
1280
1416
1528
1581
1512
1451
1283
1158
1088
1089
1144
1288
1416
1490
1581
1514
1465
1330
1192
1122
1117
1112
1256
1331
1463
1538
1547
1481
1436
1290
1168
1115
1106
1132
1272
1315
1448
1536
1512
1496
1451
1291
1243
1165
1097
1176
1189
1264
1408
1440
1490
1543
1434
1425
1320
1216
1193
1129
1162
1200
1260
1362
1419
1496
1496
1483
1438
1364
1296
1235
1179
1166
1192
1216
1270
1497
1395
1471
1473
1488
1432
1384
1324
1243
1216
1177
1193
1200
1248
1304
1360
1408
1456
1464
1452
1450
1369
1339
1275
1216
1220
1202
1216
1256
1268
1310
1376
1388
1450
1444
1425
1419
1368
1344
1295
1258
1247
1234
1243
1256
1272
1288
1328
1517
1371
1416
1403
1423
1395
1379
1512
1322
1296
1279
1259
1264
1266
1251
1277
1275
1304
1336
1345
1384
1394
1408
1384
1395
1368
1344
1336
1305
1304
1291
1281
1276
1288
1273
1280
1286
1296
1314
1327
1516
1362
1382
1370
1400
1370
1371
1368
1338
1344
1328
1307
1299
1272
1272
1258
1247
1257
1257
1289
1312
1336
1370
1375
1401
1389
1405
1382
1376
1350
1341
1327
1315
1312
1305
1298
1292
1288
1274
1278
1272
1275
1281
1296
1310
1328
1346
1357
1359
1376
1385
1384
1387
1376
1368
1360
1504
1344
1335
1319
1315
1307
1292
1289
1271
1276
1272
1275
1276
1286
1296
1310
1323
1336
1344
1355
1354
1372
1368
1371
1375
1376
1363
1361
1355
1343
1512
1336
1336
1334
1322
1320
1313
1302
1295
1283
1283
1281
1296
1281
1291
1296
1304
1304
1308
1316
1320
1328
1332
1335
1343
1337
1360
1356
1361
1360
1364
1363
1360
1354
1355
1351
1345
1341
1343
1342
1340
1338
1340
1332
1323
1321
1320
1316
1295
1304
1298
1298
1288
1290
1284
1288
1284
1288
1289
1291
1295
1305
1309
1311
1323
1331
1336
1520
1353
1357
1359
1360
1368
1358
1355
1353
1355
1528
1353
1523
1347
1528
1350
1349
1347
1348
1344
1344
1342
1339
1337
1336
1336
1334
1330
1329
1330
1327
1323
1325
1320
1320
1320
1320
1313
1311
1320
1305
1309
1308
1304
1310
1308
1301
1304
1297
1299
1298
1296
1295
1300
1296
1304
1296
1304
1301
1301
1304
1302
1309
1311
1311
1320
1322
1334
1337
1339
1353
1520
1356
1358
1368
1359
1361
1357
1357
1359
1358
1355
1357
1357
1354
1359
1355
1353
1513
1348
1512
1346
1343
1337
1336
1325
1323
>>> FIN  DE ARCHIVO DE VALORES ARMONIZADOS <<<<< 
TEST. -el cero de peso derecho es: 424.0
el span de peso derecho es: 4.853566510927262
210
208
209
208
209
209
209
209
1304
1274
1258
1331
1392
1400
1304
1252
1288
1323
1393
1384
1272
1290
1247
1327
1410
1370
1295
1273
1243
1321
1424
1387
1338
1259
1248
1306
1444
1384
1357
1244
1257
1292
1386
1384
1379
1259
1260
1279
1357
1377
1400
1295
1247
1263
1328
1384
1407
1364
1251
1217
1304
1337
1452
1349
1322
1240
1226
1326
1401
1426
1372
1258
1224
1250
1355
1400
1422
1307
1247
1194
1296
1392
1423
1401
1318
1217
1209
1296
1400
1450
1416
1281
1222
1210
1295
1401
1480
1394
1305
1210
1212
1294
1415
1448
1419
1312
1224
1182
1283
1387
1448
1434
1340
1224
1187
1232
1512
1405
1482
1369
1273
1211
1190
1274
1443
1436
1451
1320
1216
1187
1232
1355
1432
1480
1385
1299
1188
1168
1267
1400
1455
1488
1381
1249
1178
1177
1272
1422
1470
1486
1371
1229
1167
1177
1274
1418
1471
1475
1390
1243
1151
1184
1240
1384
1472
1497
1432
1279
1184
1144
1179
1504
1449
1515
1480
1323
1228
1122
1164
1258
1411
1488
1496
1444
1291
1169
1134
1162
1304
1419
1528
1498
1419
1279
1137
1141
1172
1310
1408
1544
1499
1437
1278
1131
1115
1154
1276
1427
1520
1512
1481
1322
1178
1122
1115
1224
1391
1467
1570
1512
1382
1279
1105
1099
1144
1256
1408
1528
1516
1529
1353
1227
1113
1069
1154
1265
1416
1528
1580
1488
1410
1258
1113
1100
1113
1215
1384
1499
1563
1546
1459
1308
1182
1098
1065
1162
1280
1416
1528
1581
1512
1451
1283
1158
1088
1089
1144
1288
1416
1490
1581
1514
1465
1330
1192
1122
1117
1112
1256
1331
1463
1538
1547
1481
1436
1290
1168
1115
1106
1132
1272
1315
1448
1536
1512
1496
1451
1291
1243
1165
1097
1176
1189
1264
1408
1440
1490
1543
1434
1425
1320
1216
1193
1129
1162
1200
1260
1362
1419
1496
1496
1483
1438
1364
1296
1235
1179
1166
1192
1216
1270
1497
1395
1471
1473
1488
1432
1384
1324
1243
1216
1177
1193
1200
1248
1304
1360
1408
1456
1464
1452
1450
1369
1339
1275
1216
1220
1202
1216
1256
1268
1310
1376
1388
1450
1444
1425
1419
1368
1344
1295
1258
1247
1234
1243
1256
1272
1288
1328
1517
1371
1416
1403
1423
1395
1379
1512
1322
1296
1279
1259
1264
1266
1251
1277
1275
1304
1336
1345
1384
>>>>>>>>>>Valor Minimo DEL EJE 1: 1065.0
