  BITACORA DE LOS DATOS DE LA PRUEBA DE FUERZA VERTICAL IZQUIERDA DEL EJE DELANTERO
>>> .******* VALORES RECOGIDOS EN BRUTO .<<<<<**** 
>> CANT. VALORES <<680
1517
1515
1518
1515
1522
1516
1520
1519
1523
1535
1545
1516
1500
1492
1522
1544
1550
1518
1503
1488
1512
1535
1552
1540
1504
1478
1499
1536
1555
1544
1520
1489
1483
1502
1548
1558
1537
1496
1483
1496
1519
1545
1560
1536
1500
1469
1491
1528
1559
1560
1532
1496
1474
1479
1532
1560
1560
1528
1496
1471
1483
1515
1555
1567
1544
1497
1470
1470
1512
1545
1571
1560
1520
1472
1464
1485
1534
1563
1581
1544
1504
1455
1464
1499
1550
1574
1580
1535
1489
1449
1464
1499
1550
1581
1585
1539
1488
1448
1455
1496
1547
1584
1596
1555
1491
1444
1440
1471
1527
1576
1582
1523
1456
1435
1448
1491
1548
1598
1576
1505
1451
1424
1448
1492
1561
1609
1624
1576
1515
1448
1419
1419
1480
1554
1610
1620
1602
1540
1470
1416
1410
1448
1513
1569
1627
1640
1595
1519
1449
1401
1406
1438
1516
1592
1638
1636
1529
1459
1391
1400
1419
1488
1560
1625
1649
1638
1567
1503
1440
1396
1383
1432
1496
1576
1619
1656
1640
1592
1513
1448
1401
1389
1408
1472
1536
1598
1630
1645
1624
1567
1500
1451
1407
1400
1416
1465
1518
1577
1609
1633
1624
1596
1544
1494
1448
1424
1420
1440
1470
1509
1551
1593
1615
1618
1592
1566
1523
1483
1450
1439
1433
1449
1464
1503
1537
1576
1585
1598
1600
1584
1542
1515
1489
1471
1450
1456
1464
1480
1490
1528
1544
1560
1576
1581
1584
1570
1548
1528
1512
1497
1475
1480
1473
1481
1472
1497
1512
1527
1531
1552
1561
1570
1559
1564
1551
1536
1524
1515
1503
1496
1480
1475
1472
1475
1480
1499
1512
1532
1542
1562
1565
1576
1561
1568
1551
1537
1521
1521
1512
1504
1488
1489
1480
1481
1480
1496
1494
1504
1506
1532
1535
1548
1549
1562
1560
1561
1552
1560
1545
1545
1526
1528
1520
1512
1495
1496
1484
1480
1477
1483
1485
1496
1496
1507
1513
1526
1528
1547
1547
1554
1547
1561
1556
1561
1544
1551
1545
1539
1529
1536
1528
1522
1512
1512
1504
1502
1489
1496
1496
1491
1490
1496
1496
1496
1489
1504
1508
1520
1512
1523
1528
1537
1536
1543
1544
1545
1539
1543
1543
1546
1536
1547
1544
1544
1546
1544
1542
1537
1536
1544
1539
1531
1515
1528
1519
1516
1504
1512
1505
1504
1496
1498
1497
1494
1481
1492
1488
1496
1485
1496
1496
1496
1492
1501
1499
1507
1505
1516
1528
1528
1521
1533
1540
1547
1539
1544
1535
1543
1536
1546
1544
1544
1537
1544
1543
1547
1538
1543
1544
1539
1535
1544
1538
1535
1532
1535
1536
1536
1515
1524
1521
1528
1512
1515
1514
1512
1504
1512
1506
1506
1496
1508
1504
1505
1497
1506
1497
1497
1496
1499
1497
1500
1497
1497
1496
1497
1496
1499
1502
1498
1497
1512
1512
1516
1511
1523
1521
1532
1524
1536
1531
1544
1529
1536
1544
1544
1536
1544
1544
1545
1536
1542
1539
1539
1531
1544
1536
1536
1523
1529
1526
1519
1520
1515
1514
1512
1505
1514
1512
1508
1497
1505
1501
1507
1496
1504
1501
1504
1504
1502
1501
1500
1497
1499
1504
1504
1496
1507
1512
1510
1505
1514
1520
1516
1520
1523
1523
1519
1520
1529
1527
1523
1520
1528
1532
1529
1524
1529
1529
1536
1519
1530
1526
1522
1520
1529
1528
1519
1514
1514
1515
1516
1507
1510
1512
1512
1503
1509
1512
1507
1512
1511
1512
1512
1499
1512
1512
1512
1508
1507
1511
1510
1507
1513
1513
1520
1513
1514
1519
1517
1512
1520
1519
1517
1520
1522
1519
1521
1515
1519
1520
1518
1520
1519
1515
1513
1512
1515
1520
1520
1514
1515
1518
1515
1512
1515
1516
1512
1512
1514
1512
1511
1503
1520
1516
1513
1507
1513
1516
1514
1503
1513
1513
1513
1512
1513
1515
1513
1512
1514
1513
1520
1514
1516
1512
1512
1512
1516
1515
1517
1513
1514
1514
1512
1515
1518
1513
1513
1513
1516
1514
1513
1509
1515
1516
1515
1513
1516
1513
1516
1514
1516
1520
1512
1514
1513
1520
1516
1515
1515
>>> FIN  DE ARCHIVO  DE VALORES BRUTO <<< 
>>> .******* VALORES RECOGIDOS ARMONIZADOS .<<<<<**** 
>> CANT. VALORES <<680
1517
1515
1518
1515
1522
1516
1520
1519
1523
1535
1545
1516
1500
1492
1522
1544
1550
1518
1503
1488
1512
1535
1552
1540
1504
1478
1499
1536
1555
1544
1520
1489
1483
1502
1548
1558
1537
1496
1483
1496
1519
1545
1560
1536
1500
1469
1491
1528
1559
1560
1532
1496
1474
1479
1532
1560
1560
1528
1496
1471
1483
1515
1555
1567
1544
1497
1470
1470
1512
1545
1571
1560
1520
1472
1464
1485
1534
1563
1581
1544
1504
1455
1464
1499
1550
1574
1580
1535
1489
1449
1464
1499
1550
1581
1585
1539
1488
1448
1455
1496
1547
1584
1596
1555
1491
1444
1440
1471
1527
1576
1582
1523
1456
1435
1448
1491
1548
1598
1576
1505
1451
1424
1448
1492
1561
1609
1624
1576
1515
1448
1419
1419
1480
1554
1610
1620
1602
1540
1470
1416
1410
1448
1513
1569
1627
1640
1595
1519
1449
1401
1406
1438
1516
1592
1638
1636
1529
1459
1391
1400
1419
1488
1560
1625
1649
1638
1567
1503
1440
1396
1383
1432
1496
1576
1619
1656
1640
1592
1513
1448
1401
1389
1408
1472
1536
1598
1630
1645
1624
1567
1500
1451
1407
1400
1416
1465
1518
1577
1609
1633
1624
1596
1544
1494
1448
1424
1420
1440
1470
1509
1551
1593
1615
1618
1592
1566
1523
1483
1450
1439
1433
1449
1464
1503
1537
1576
1585
1598
1600
1584
1542
1515
1489
1471
1450
1456
1464
1480
1490
1528
1544
1560
1576
1581
1584
1570
1548
1528
1512
1497
1475
1480
1473
1481
1472
1497
1512
1527
1531
1552
1561
1570
1559
1564
1551
1536
1524
1515
1503
1496
1480
1475
1472
1475
1480
1499
1512
1532
1542
1562
1565
1576
1561
1568
1551
1537
1521
1521
1512
1504
1488
1489
1480
1481
1480
1496
1494
1504
1506
1532
1535
1548
1549
1562
1560
1561
1552
1560
1545
1545
1526
1528
1520
1512
1495
1496
1484
1480
1477
1483
1485
1496
1496
1507
1513
1526
1528
1547
1547
1554
1547
1561
1556
1561
1544
1551
1545
1539
1529
1536
1528
1522
1512
1512
1504
1502
1489
1496
1496
1491
1490
1496
1496
1496
1489
1504
1508
1520
1512
1523
1528
1537
1536
1543
1544
1545
1539
1543
1543
1546
1536
1547
1544
1544
1546
1544
1542
1537
1536
1544
1539
1531
1515
1528
1519
1516
1504
1512
1505
1504
1496
1498
1497
1494
1481
1492
1488
1496
1485
1496
1496
1496
1492
1501
1499
1507
1505
1516
1528
1528
1521
>>> FIN  DE ARCHIVO  DE VALORES ARMONIZADOS <<< 
el cero de peso izquierdo es: 569.0
el span de peso izquierdo es: 4.858268087916234
1517
1515
1518
1515
1522
1516
1520
1519
1523
1535
1545
1516
1500
1492
1522
1544
1550
1518
1503
1488
1512
1535
1552
1540
1504
1478
1499
1536
1555
1544
1520
1489
1483
1502
1548
1558
1537
1496
1483
1496
1519
1545
1560
1536
1500
1469
1491
1528
1559
1560
1532
1496
1474
1479
1532
1560
1560
1528
1496
1471
1483
1515
1555
1567
1544
1497
1470
1470
1512
1545
1571
1560
1520
1472
1464
1485
1534
1563
1581
1544
1504
1455
1464
1499
1550
1574
1580
1535
1489
1449
1464
1499
1550
1581
1585
1539
1488
1448
1455
1496
1547
1584
1596
1555
1491
1444
1440
1471
1527
1576
1582
1523
1456
1435
1448
1491
1548
1598
1576
1505
1451
1424
1448
1492
1561
1609
1624
1576
1515
1448
1419
1419
1480
1554
1610
1620
1602
1540
1470
1416
1410
1448
1513
1569
1627
1640
1595
1519
1449
1401
1406
1438
1516
1592
1638
1636
1529
1459
1391
1400
1419
1488
1560
1625
1649
1638
1567
1503
1440
1396
1383
1432
1496
1576
1619
1656
1640
1592
1513
1448
1401
1389
1408
1472
1536
1598
1630
1645
1624
1567
1500
1451
1407
1400
1416
1465
1518
1577
1609
1633
1624
1596
1544
1494
1448
1424
1420
1440
1470
1509
1551
1593
1615
1618
1592
1566
1523
1483
1450
1439
1433
1449
1464
1503
1537
1576
1585
1598
1600
1584
1542
1515
1489
1471
1450
1456
1464
1480
1490
1528
1544
1560
1576
1581
1584
1570
1548
1528
1512
1497
1475
1480
1473
1481
1472
1497
1512
1527
1531
1552
1561
1570
1559
1564
1551
1536
1524
1515
1503
1496
1480
1475
1472
1475
1480
1499
1512
1532
1542
1562
1565
1576
1561
1568
1551
1537
1521
1521
1512
1504
1488
1489
1480
1481
1480
1496
1494
1504
1506
1532
1535
1548
1549
1562
1560
1561
1552
1560
1545
1545
1526
1528
1520
1512
1495
1496
1484
1480
1477
1483
1485
1496
1496
1507
1513
1526
1528
1547
1547
1554
1547
1561
1556
1561
1544
1551
1545
1539
1529
1536
1528
1522
1512
1512
1504
1502
1489
1496
1496
1491
1490
1496
1496
1496
1489
1504
1508
1520
1512
1523
1528
1537
1536
1543
1544
1545
1539
1543
1543
1546
1536
1547
1544
1544
1546
1544
1542
1537
1536
1544
1539
1531
1515
1528
1519
1516
1504
1512
1505
1504
1496
1498
1497
1494
1481
1492
1488
1496
1485
1496
1496
1496
1492
1501
1499
1507
1505
1516
1528
1528
1521
>>>>>>>>>>Valor Minimo DEL EJE 1: 1383.0
