  BITACORA DE LOS DATOS DE LA PRUEBA DE FUERZA VERTICAL IZQUIERDA DEL EJE TRASERO
el cero de peso izquierdo es: 569.0
el span de peso izquierdo es: 4.858268087916234
1192
1192
1185
1194
1187
1193
1186
1192
1178
1208
1236
1224
1195
1166
1176
1197
1233
1229
1200
1164
1167
1196
1232
1233
1216
1173
1163
1179
1224
1241
1225
1176
1159
1176
1212
1240
1240
1197
1166
1152
1195
1227
1256
1219
1179
1147
1172
1208
1247
1248
1211
1160
1148
1177
1224
1256
1247
1193
1155
1144
1183
1228
1263
1240
1192
1144
1144
1178
1240
1266
1249
1188
1144
1129
1179
1227
1263
1259
1199
1138
1128
1162
1224
1272
1267
1216
1155
1120
1142
1192
1264
1279
1250
1180
1129
1112
1167
1229
1281
1280
1227
1150
1114
1114
1182
1257
1295
1273
1211
1136
1100
1115
1192
1272
1307
1275
1208
1128
1112
1183
1268
1313
1290
1224
1136
1087
1089
1167
1256
1312
1313
1256
1168
1089
1072
1117
1208
1301
1327
1310
1223
1126
1057
1071
1136
1231
1322
1347
1304
1207
1100
1052
1060
1135
1240
1331
1361
1320
1212
1112
1039
1048
1110
1225
1322
1367
1339
1268
1146
1056
1022
1066
1157
1271
1384
1328
1232
1115
1041
1023
1082
1167
1282
1358
1380
1328
1243
1130
1054
1023
1067
1149
1243
1324
1368
1343
1280
1179
1106
1056
1059
1104
1176
1250
1312
1328
1322
1270
1200
1128
1089
1086
1115
1153
1214
1259
1295
1295
1288
1248
1195
1145
1128
1118
1136
1160
1197
1236
1261
1272
1272
1255
1226
1184
1160
1136
1133
1139
1163
1193
1219
1248
1264
1267
1264
1229
1209
1176
1153
1140
1146
1156
1176
1194
1225
1243
1259
1255
1251
1232
1216
1181
1165
1156
1154
1158
1169
1186
1208
1215
1242
1249
1256
1245
1240
1216
1194
1169
1163
1160
1165
1166
1179
1192
1203
1214
1236
1246
1252
1249
1235
1215
1201
1178
1176
1169
1174
1166
1176
1177
1188
1196
1211
1227
1241
1242
1249
1232
1217
1200
1194
1186
1186
1180
1183
1177
1175
1171
1181
1192
1203
1215
1230
1241
1241
1228
1229
1215
1210
1197
1202
1200
1199
1183
1183
1178
1171
1170
1179
1184
1201
1210
1224
1228
1231
1228
1230
1225
1220
1216
1213
1211
1209
1203
1202
1194
1187
1172
1178
1177
1180
1179
1192
1202
1209
1206
1217
1225
1226
1224
1228
1224
1226
1215
1219
1214
1218
1214
1211
1208
1199
1183
1183
1176
1176
1180
1179
1182
1188
1192
1198
1203
1210
1209
1224
1224
1224
1219
1227
1224
1225
1219
1224
1224
1223
1215
1219
1210
1211
1198
1196
1193
>>>>>>>>>>Valor Minimo DEL EJE 1: 1022.0
