  BITACORA DE LOS DATOS DE LA PRUEBA DE FUERZA VERTICAL DERECHA DEL EJE TRASERO
>>> .******* VALORES RECOGIDOS EN BRUTO .<<<<<**** 
>> CANT. VALORES <<669
209
209
209
210
208
209
208
208
943
920
1018
1113
1119
1048
950
936
1000
1153
1079
1059
949
920
1025
1131
1145
1007
947
937
984
1160
1103
1034
940
913
1003
1152
1112
1067
929
907
1004
1160
1150
1083
943
883
1000
1090
1128
1148
943
922
953
1043
1160
1160
994
932
908
988
1176
1176
1089
931
849
960
1200
1186
1162
983
903
912
1012
1169
1196
1089
956
850
952
1074
1168
1181
1032
911
863
955
1141
1184
1173
991
867
884
984
1155
1232
1140
969
869
849
1016
1144
1224
1115
947
832
862
990
1183
1224
1134
956
842
826
989
1161
1256
1177
984
849
824
943
1163
1226
1203
1048
829
796
891
1080
1207
1272
1192
920
802
811
974
1187
1293
1199
1027
817
787
876
1071
1243
1304
1129
952
793
775
928
1139
1259
1316
1098
904
767
782
963
1199
1312
1288
1095
869
760
776
966
1172
1295
1318
1108
873
740
738
923
1148
1307
1345
1163
923
737
703
862
1066
1311
1392
1249
1042
792
694
752
953
1199
1347
1385
1179
927
708
675
794
1032
1288
1386
1354
1134
887
668
671
811
1051
1302
1404
1367
1131
868
667
641
787
1023
1275
1407
1409
1208
936
711
592
731
926
1180
1427
1446
1343
1080
808
649
642
782
1023
1261
1433
1420
1262
1024
762
629
658
810
1036
1256
1424
1389
1288
1048
830
687
665
785
968
1173
1323
1386
1311
1151
960
785
695
752
858
1051
1195
1303
1324
1281
1112
972
811
747
792
879
1007
1139
1224
1288
1228
1160
1042
907
832
818
843
953
1027
1136
1192
1229
1197
1152
1022
963
880
862
884
952
1008
1088
1123
1176
1189
1132
1114
1018
936
900
885
899
968
995
1080
1124
1143
1201
1144
1113
1054
952
916
905
908
955
989
1036
1082
1124
1150
1151
1145
1075
1025
976
926
927
940
959
993
1032
1043
1117
1118
1129
1160
1089
1062
1016
945
939
947
959
993
988
1025
1064
1080
1128
1115
1131
1100
1064
1018
984
959
956
968
978
984
1019
1020
1055
1087
1115
1123
1140
1201
1059
1024
971
976
986
984
990
993
984
1003
1032
1051
1089
1116
1104
1120
1089
1043
1016
996
982
994
1008
995
1003
972
995
1006
1032
1067
1087
1104
1121
1088
1088
1047
1017
1004
1002
1006
1020
1011
996
984
976
985
1001
1034
1051
1187
1112
1093
1097
1075
1048
1042
1026
1019
1035
1031
1036
1014
995
955
977
975
1004
1039
1043
1077
1091
1084
1098
1082
1056
1065
1039
1042
1035
1048
1040
1032
1026
992
984
974
978
985
1007
1021
1047
1054
1065
1081
1069
1080
1078
1060
1051
1050
1046
1048
1054
1055
1048
1032
1009
994
979
984
991
997
1001
1016
1023
1036
1051
1054
1060
1072
1066
1080
1065
1057
1060
1051
1053
1059
1059
1056
1048
1033
1018
1002
1000
984
1000
986
995
1003
1006
1012
1024
1032
1048
1052
1049
1070
1060
1080
1066
1064
1064
1058
1064
1067
1064
1066
1061
1049
1043
1041
1026
1021
1008
1016
994
1002
991
998
1000
1004
1003
1008
1018
1020
1033
1036
1044
1036
1064
1055
1066
1062
1060
1067
1059
1067
1064
1062
1072
1072
1058
1064
1054
1048
1052
1035
1036
1032
1018
1016
1011
1004
1004
995
997
1001
996
1000
1005
1003
1007
1009
1017
1023
1024
1032
1040
1040
1052
1056
1063
1064
1064
1064
1064
1065
1068
1071
1074
1071
1065
1066
1064
1057
1064
1057
1057
1051
1048
1050
1036
1039
1038
1028
1032
1025
1019
1017
1012
1012
1003
1010
1001
1001
1000
1002
995
1001
1002
999
1000
1005
1005
1012
1016
1018
1017
1023
1027
1034
1039
1051
1057
1065
1062
1072
1065
1059
1067
1064
1074
1072
1074
1075
1072
>>> FIN  DE ARCHIVO  DE VALORES BRUTO <<< 
el cero de peso derecho es: 424.0
el span de peso derecho es: 4.853566510927262
209
209
209
210
208
209
208
208
943
920
1018
1113
1119
1048
950
936
1000
1153
1079
1059
949
920
1025
1131
1145
1007
947
937
984
1160
1103
1034
940
913
1003
1152
1112
1067
929
907
1004
1160
1150
1083
943
883
1000
1090
1128
1148
943
922
953
1043
1160
1160
994
932
908
988
1176
1176
1089
931
849
960
1200
1186
1162
983
903
912
1012
1169
1196
1089
956
850
952
1074
1168
1181
1032
911
863
955
1141
1184
1173
991
867
884
984
1155
1232
1140
969
869
849
1016
1144
1224
1115
947
832
862
990
1183
1224
1134
956
842
826
989
1161
1256
1177
984
849
824
943
1163
1226
1203
1048
829
796
891
1080
1207
1272
1192
920
802
811
974
1187
1293
1199
1027
817
787
876
1071
1243
1304
1129
952
793
775
928
1139
1259
1316
1098
904
767
782
963
1199
1312
1288
1095
869
760
776
966
1172
1295
1318
1108
873
740
738
923
1148
1307
1345
1163
923
737
703
862
1066
1311
1392
1249
1042
792
694
752
953
1199
1347
1385
1179
927
708
675
794
1032
1288
1386
1354
1134
887
668
671
811
1051
1302
1404
1367
1131
868
667
641
787
1023
1275
1407
1409
1208
936
711
592
731
926
1180
1427
1446
1343
1080
864
649
642
782
1023
1261
1433
1420
1262
1024
762
629
658
810
1036
1256
1424
1389
1288
1048
830
687
665
785
968
1173
1323
1386
1311
1151
960
785
695
752
858
1051
1195
1303
1324
1281
1112
972
811
747
792
879
1007
1139
1224
1288
1228
1160
1042
907
832
818
843
953
1027
1136
1192
1229
1197
1152
1022
963
880
862
884
952
1008
1088
1123
1176
1189
1132
1114
1018
936
900
885
899
968
995
1080
1124
1143
1201
1144
1113
1054
952
916
905
908
955
989
1036
1082
1124
1150
1151
1145
1075
1025
976
926
927
940
959
993
1032
1043
1117
1118
1129
1160
1089
1062
1016
945
939
947
959
993
988
1025
1064
1080
1128
1115
1131
1100
1064
1018
984
959
956
968
978
984
1019
1020
1055
1087
1115
1123
1140
1201
1059
1024
971
976
986
984
990
993
984
1003
1032
1051
1089
1116
1104
1120
1089
1043
>>>>>>>>>>Valor Minimo DEL EJE 1: 592.0
