  BITACORA DE LOS DATOS DE LA PRUEBA DE FUERZA DE FRENADO IZQUIERDA DEL EJE TRASERO
el cero de fuerza izquierda es: 55.83516483516483
el span de fuerza izquierda es: 24.67425865792642
2598.7414000000003  2839
2598.3185  2840
2598.3316  2828
2598.6104  2840
2599.0997  2830
2599.9586  2832
2600.6927000000005  2823
2601.6495  2832
2602.513199999999  2836
2602.9998  2815
2603.3138999999996  2823
2603.3257  2832
2603.0531  2848
2602.5192999999995  2832
2602.0375000000004  2823
2601.8219999999997  2840
2601.6001  2840
2601.7880000000005  2823
2602.4324000000006  2833
2603.102400000001  2849
2604.1968  2846
2604.9795  2848
2605.7327  2848
2606.4103  2839
2606.8068999999996  2823
2607.0557000000003  2825
2607.2221999999997  2846
2607.5786  2827
2607.7398000000003  2836
2608.0710000000004  2819
2608.5681000000004  2828
2609.1309  2836
2609.7314  2815
2610.3378  2827
2611.0454000000004  2848
2611.7996  2832
2612.7801999999997  2848
2613.661  2832
2614.7438000000006  2838
2615.698500000001  2840
2616.510300000001  2836
2617.31  2833
2617.6515  2815
2617.8602  2839
2617.479300000001  2833
2617.0303000000004  2840
2616.3590000000004  2848
2615.8036  2849
2615.1917000000003  2829
2614.6708000000003  2815
2614.5501  2833
2614.5733000000005  2848
2614.8112000000006  2839
2615.2946999999995  2836
2615.7828999999997  2831
2616.2971999999995  2848
2616.9045000000006  2823
2617.5633000000003  2836
2617.9724  2823
2618.3737  2840
2618.5641  2840
2618.7305000000006  2840
2618.7464999999997  2840
2618.6863000000003  2832
2618.5718000000006  2833
2618.5205000000005  2839
2618.4435000000003  2848
2618.2955000000006  2834
2618.2179000000006  2830
2618.0479000000005  2840
2617.9711000000007  2819
2617.9276000000004  2823
2617.9670000000006  2839
2618.1336  2836
2618.4886999999994  2836
2618.9612  2844
2619.5094  2815
2620.0297000000005  2833
2620.4037000000003  2831
2620.5649000000003  2844
2620.7087  2815
2620.5579  2840
2620.4489000000003  2840
2620.4417  2840
2620.579  2833
2621.0134  2832
2621.5514  2832
2622.1956999999993  2848
2622.9140999999995  2830
2623.6851999999994  2832
2624.3049000000005  2807
2624.8985000000007  2840
2625.3470000000007  2832
2625.6858  2832
2626.015  2846
2626.5081  2827
2626.8692  2840
2627.199800000001  2833
2627.5591  2844
2627.7255999999998  2831
2628.0056  2832
2628.3831999999993  2815
2628.6627000000003  2832
2628.9058999999997  2832
2629.3084000000003  2848
2629.7065999999995  2840
2630.0927  2831
2630.7071  2844
2631.0998000000004  2842
2631.4229000000005  2823
2631.8839  2832
2632.2616000000003  2823
2632.3486000000003  2849
2632.5325999999995  2831
2632.5101999999993  2830
2632.2592000000004  2813
2631.9492000000005  2815
2631.3328  2849
2630.7128000000002  2839
2629.9136  2848
2629.1942  2823
2628.4982  2837
2627.9558  2831
2627.6089  2827
2627.3518999999997  2836
2627.1910999999996  2844
2627.1478  2823
2627.1677999999997  2846
2627.1529999999993  2848
2627.3087000000005  2832
2627.514299999999  2823
2627.7291999999998  2832
2628.2266999999997  2832
2628.9859  2823
2629.9161  2833
2630.7474999999995  2830
2631.6595999999995  2831
2632.5563999999995  2844
2633.1149999999993  2832
2633.5647999999997  2848
2633.7025  2840
2632.9122999999995  2823
2632.2922000000003  2828
2630.9515  2833
2629.1844  2832
2627.3713999999995  2837
2625.5247  2836
2624.0847  2832
2623.2906  2839
2623.2445000000002  2834
2623.9466  2823
2625.229  2835
2627.1539  2848
2629.1915  2836
2631.1293  2844
2632.9324  2823
2634.104599999999  2831
2634.8833  2844
2635.8028999999997  2827
2635.9490999999994  2831
2636.2837999999997  2839
2636.4975  2849
2636.6299999999997  2819
2636.9001000000003  2823
2637.1773  2840
2637.2969  2848
2637.4418  2815
2637.6857000000005  2846
2637.7411  2831
2637.6643  2827
2637.5995  2835
2637.421  2846
2637.227  2848
2637.0745  2823
2636.9796000000006  2839
2637.1012  2848
2637.5197  2830
2638.052  2840
2638.7594  2832
2639.8206  2833
2640.9498  2849
2641.7492  2827
2642.6631999999995  2823
2643.4401000000003  2836
2643.5947  2840
2643.5714000000003  2830
2643.3170999999998  2830
2642.681899999999  2832
2641.8129  2835
2640.7837999999997  2830
2639.8466000000003  2840
2639.1145  2833
2638.6027000000004  2823
2638.2528  2832
2638.3038000000006  2831
2638.8530999999994  2844
2639.4687  2836
2640.3545999999997  2840
2641.4085999999993  2832
2642.5046  2811
2643.3216000000007  2840
2644.0125  2835
2644.6065999999996  2848
2644.7682999999993  2830
2644.7362  2815
2644.3459000000007  2832
2643.8246000000004  2848
2643.3307999999993  2848
2642.8811000000005  2815
2642.6932  2840
2642.9014000000006  2832
2643.3080000000004  2832
2644.0428  2831
2645.1249000000003  2815
2646.1235999999994  2823
2647.2185000000004  2840
2648.0308  2832
2648.7175  2840
2649.2197  2833
2649.4516  2815
2649.561100000001  2832
2649.3882999999996  2835
2649.3549999999996  2837
2649.2041000000004  2838
2649.0049999999997  2831
2648.8925999999997  2836
2648.9498000000003  2815
2649.0522000000005  2830
2649.4984  2819
2650.061  2832
2650.8051  2850
2651.7798000000003  2833
2652.6545  2840
2653.4696  2836
2654.0095  2842
2654.407799999999  2835
2654.5714  2830
2654.4246000000003  2839
2654.2157  2844
2653.9482  2832
2653.7958  2848
2653.7234000000003  2837
2653.7253  2834
2653.6419000000005  2830
2653.5991000000004  2835
2653.345  2823
2652.9999  2835
2652.6609000000003  2848
2652.2527  2835
2651.9306000000006  2836
2651.6284  2833
2651.6995  2831
2651.8663  2833
2651.9172000000003  2833
2652.1466  2830
2652.280300000001  2833
2652.2443  2832
2652.039  2840
2651.7019  2831
2651.4410000000003  2834
2650.9914  2833
2650.8360000000002  2830
2650.7546999999995  2833
2650.9806000000003  2836
2651.5005000000006  2815
2652.1625999999997  2833
2652.9756000000007  2815
2653.868  2823
2654.5982000000004  2833
2655.1821999999997  2823
2655.6165  2831
2655.7901000000006  2835
2655.8001  2833
2655.7024  2836
2655.509  2830
2655.4032999999995  2839
2655.1797  2836
2655.2988000000005  2823
2655.1332  2837
2655.3399000000004  2848
2655.5256  2844
2655.8027  2833
2656.2549999999997  2848
2656.8727000000003  2823
2657.3779  2850
2657.8961  2836
2658.5060000000003  2832
2658.8599  2839
2659.2594  2840
2659.4864  2815
2659.6866  2835
2659.9698  2823
2660.3218  2833
2660.7217  2848
2661.1618999999996  2831
2661.8786  2846
2662.2124000000003  2835
2662.5646  2832
2662.8647  2837
2663.0137  2833
2662.9058  2842
2662.8518  2840
2662.9653999999996  2833
2662.9416  2840
2663.3004  2840
2663.4113  2842
2663.7772999999993  2840
2663.9611  2839
2663.9985  2831
2663.8379  2832
2663.7320999999997  2838
2663.3646000000003  2819
2662.9100000000003  2832
2662.5191  2842
2662.2951000000003  2846
2662.0506  2830
2661.9143999999997  2833
2661.5840000000003  2831
2661.3994  2840
2661.0774  2831
2660.7914  2815
2660.5568000000003  2844
2660.3958000000002  2831
2660.2647  2832
2660.3165000000004  2848
2660.4714000000004  2832
2660.6726999999996  2848
2660.7492  2839
2661.0834000000004  2837
2661.2834000000003  2846
2661.7261000000003  2823
2662.1419000000005  2830
2662.6358  2838
2663.1083000000003  2840
2663.6497  2823
2663.9245  2833
2664.0431999999996  2831
2664.0235  2823
2663.576  2827
2663.3961999999997  2840
2663.3863  2832
2663.6553000000004  2831
2664.0924999999997  2833
2664.9484999999995  2839
2666.1361999999995  2832
2667.2515  2846
2668.5925000000007  2823
2669.3774999999996  2848
2670.1338  2848
2670.5400000000004  2839
2670.6562999999996  2832
2670.6482  2815
2670.5786  2848
2670.4907  2823
2670.2952999999998  2832
2670.4675  2823
2670.658000000001  2846
2670.757  2849
2671.0177  2830
2671.1885  2839
2671.3916  2833
2671.3183999999997  2833
2671.3179  2836
2670.8499000000006  2840
2670.4685  2840
2669.763200000001  2839
2669.1753  2844
2668.6265  2832
2668.0262  2830
2667.6264999999994  2811
2667.3668  2840
2667.6078  2832
2667.7586999999994  2826
2668.0752  2831
2668.6052999999997  2831
2669.0042000000003  2844
2669.513  2833
2669.9143  2823
2670.4021999999995  2836
2670.7902000000004  2848
2671.0526999999997  2823
2671.3067000000005  2840
2671.4793000000004  2833
2671.4853  2849
2671.3564999999994  2823
2671.1375  2827
2670.8086000000008  2840
2670.486  2827
2670.0368999999996  2831
2669.8845  2846
2669.8114000000005  2839
2669.8448  2839
2670.097  2840
2670.4285  2833
2670.6884999999997  2832
2671.1118  2844
2671.403  2831
2671.6308000000004  2844
2671.6323  2839
2671.6849  2831
2671.6597000000006  2830
2671.6075000000005  2832
2671.6268  2848
2671.7798000000003  2840
2672.0773  2831
2672.4027000000006  2832
2672.9833999999996  2832
2673.5927999999994  2840
2674.4959  2815
2675.1910000000003  2823
2675.9101  2815
2676.59  2848
2676.9063  2839
2677.2746  2848
2677.3513000000003  2835
2677.2083  2830
2676.9305  2844
2676.7911999999997  2840
2676.637300000001  2832
2676.5211  2836
2676.5034  2846
2676.7146999999995  2833
2677.2041999999997  2848
2677.5601  2830
2678.2942000000003  2844
2678.8973  2830
2679.5678  2834
2680.0134  2835
2680.3689  2832
2680.686  2827
2680.6072999999997  2833
2680.5082999999995  2848
2680.4192999999996  2835
2680.4136  2832
2680.1371  2827
2679.8777000000005  2836
2679.4561000000003  2807
2678.8770999999997  2840
2677.7954999999997  2836
2676.607  2838
2675.4069999999997  2815
2674.1787  2844
2673.2141  2833
2672.5618999999992  2842
2672.4428999999996  2835
2672.7093999999997  2839
2673.2768000000005  2835
2674.1058999999996  2832
2674.9913  2823
2675.7134  2823
2676.4394999999995  2833
2677.1778999999997  2819
2677.6462  2823
2678.2323999999994  2819
2678.6805999999992  2815
2679.2001999999993  2840
2679.6134  2836
2680.0489999999995  2840
2680.4447  2832
2680.7261  2850
2680.9865000000004  2832
2681.3241999999996  2840
2681.638000000001  2835
2681.9124  2831
2682.2218000000007  2833
2682.4620999999997  2839
2682.8344  2844
2682.844999999999  2844
2682.8972000000003  2840
2682.9996999999994  2830
2682.9293  2844
2682.8379  2844
2682.7219999999998  2840
2682.677899999999  2840
2682.6839999999997  2844
2682.6978999999997  2848
2682.9672  2842
2683.3389999999995  2848
2683.7092000000002  2832
2683.9911  2823
2684.3018999999995  2848
2684.436399999999  2850
2684.4350999999997  2840
2684.2099000000003  2830
2684.0331999999994  2844
2683.8129  2838
2683.7206000000006  2832
2683.7172  2849
2683.739699999999  2834
2683.9335  2833
2684.0567  2831
2684.2138  2831
2684.4281999999994  2815
2684.4882  2848
2684.6152000000006  2846
2684.8275  2827
2684.9832  2831
2685.1242999999995  2833
2685.1967  2844
2685.3298  2848
2685.3546000000006  2830
2685.4554000000003  2840
2685.6192  2813
2685.7085000000006  2831
2685.8559  2833
2686.1131000000005  2840
2686.2380000000003  2840
2686.2882999999997  2833
2686.403  2838
2686.2688000000003  2815
2686.256000000001  2848
2686.2849  2819
2686.1289999999995  2830
2686.1902999999998  2848
2686.1710999999996  2840
2686.4045000000006  2836
2686.346  2827
