  BITACORA DE LOS DATOS DE LA PRUEBA DE PESO DERECHO DEL EJE TRASERO
el cero de peso derecho es: 521.0
el span de peso derecho es: 1.0
1685
1688
1688
1679
1687
1681
1686
1683
1686
1685
1687
1686
1683
1682
1681
1684
1688
1683
1683
1683
1683
1683
1683
1688
1683
1686
1684
1686
1688
1679
1681
1683
1679
8
8
7
8
7
8
7
7
7
8
8
7
7
7
7
7
7
8
8
8
7
7
8
8
8
8
7
8
7
16
35
60
85
109
134
161
186
214
240
270
298
325
353
386
414
444
472
500
529
556
585
612
635
663
686
703
728
747
766
784
797
811
828
839
855
872
880
892
902
913
921
930
938
947
952
964
968
976
979
988
989
993
999
1003
1006
1014
1015
1015
1024
1025
1032
1035
1038
1038
1043
1047
1042
1047
1052
1055
1055
1052
