  BITACORA DE LOS DATOS DE LA PRUEBA DE FUERZA DE FRENADO DERECHA DEL EJE DELANTERO
el cero de fuerza derecha es: 65.63736263736264
el span de fuerza derecha es: 25.259828018671687
65.9887  66
66.01289999999999  66
66.03229999999999  66
66.03450000000001  66
66.03210000000001  67
65.99940000000001  64
65.9802  66
65.9337  66
65.8981  66
65.8655  67
65.8278  66
65.8125  66
65.8095  66
65.8192  66
65.84429999999999  66
65.8938  66
65.9382  66
65.9831  66
66.0087  66
66.0112  65
66.0031  66
65.982  66
65.94740000000002  66
65.9089  65
65.898  66
65.89079999999998  66
65.8971  66
65.9252  67
65.9447  67
65.9656  66
65.98819999999999  65
66.0134  66
66.0245  65
66.033  66
66.0374  66
66.0332  66
66.02090000000001  66
66.00219999999999  67
65.9762  66
65.9468  65
65.93549999999999  66
65.9405  66
65.95750000000001  66
66.0057  67
66.0521  66
66.1155  66
66.1681  66
66.2237  66
66.2479  66
66.25030000000001  65
66.24340000000001  66
66.21579999999999  66
66.1804  66
66.13390000000001  66
66.0958  67
66.0462  66
65.9957  66
65.956  67
65.90690000000001  66
65.8687  67
65.8337  66
65.8077  66
65.8077  65
65.8339  67
65.86959999999999  66
65.93119999999999  66
66.00959999999999  66
66.0796  66
66.1439  66
66.19269999999999  65
66.22269999999999  66
66.22900000000001  66
66.2071  65
66.17309999999999  66
66.11959999999999  66
66.0727  66
66.036  67
66.00220000000002  66
66.00240000000001  67
66.0145  66
66.04939999999999  66
66.0926  66
66.1284  67
66.15119999999999  66
66.166  66
66.1487  66
66.1151  65
66.0837  66
66.03719999999998  66
66.01359999999998  66
65.99080000000001  66
65.98530000000001  67
65.9846  67
65.9887  66
66.0004  66
66.0092  66
66.01350000000001  66
66.0128  66
66.0071  65
66.01050000000001  66
66.0004  67
65.9874  66
65.97279999999999  66
65.95  66
65.92229999999999  65
65.9072  67
65.8809  66
65.8694  66
65.86529999999999  66
65.8694  66
65.8809  66
65.8981  66
65.9183  66
65.9386  66
65.9557  66
65.9671  66
65.97109999999999  65
65.9893  66
65.99329999999999  66
66.0047  66
66.0218  66
66.04209999999999  66
66.0714  66
66.09259999999999  66
66.1155  66
66.12759999999999  66
66.1398  66
66.13709999999999  66
66.12  66
66.09100000000001  66
66.0546  66
66.0162  66
65.9818  66
65.9565  67
65.9222  66
65.90939999999999  66
65.8981  66
65.88980000000001  66
65.88579999999999  67
65.8736  66
65.8587  66
65.83809999999998  65
65.8277  66
65.8033  66
65.7956  66
65.7803  66
65.7768  66
65.7986  66
65.8384  66
65.8862  66
65.9353  65
65.9953  66
66.048  66
66.103  66
66.12619999999998  66
66.1362  66
66.1189  65
66.10289999999999  65
66.091  66
66.0908  66
66.09819999999999  68
66.0992  66
66.11899999999999  65
66.1499  66
66.183  67
66.1877  67
66.18849999999999  66
66.17639999999999  65
66.1569  65
66.1333  67
66.09260000000002  66
66.0627  67
66.0259  66
65.9915  66
65.9687  66
65.94760000000001  67
65.9184  66
65.88889999999999  66
65.85879999999999  66
65.8319  66
65.7902  67
65.74869999999999  65
65.714  66
65.6824  66
65.6677  66
65.6724  66
65.70479999999999  66
65.74719999999999  66
65.8061  66
65.8728  65
65.95009999999999  66
66.0225  66
66.0752  66
66.1136  65
66.14469999999999  65
66.1643  66
66.1656  65
66.17070000000001  67
66.162  66
66.1498  66
66.1309  66
66.1211  66
66.1088  67
66.07350000000001  66
66.0461  66
66.0089  66
65.96730000000001  66
65.9274  67
65.8825  66
65.8522  66
65.83200000000001  66
65.8248  66
65.82289999999999  66
65.8393  66
65.8582  67
65.87270000000001  66
65.88069999999999  65
65.89809999999999  66
65.9094  66
65.92219999999999  65
65.9474  66
65.9778  66
66.01389999999999  66
66.05969999999999  66
66.1174  66
66.17899999999999  66
66.2479  66
66.32300000000001  66
66.37989999999999  65
66.44539999999999  66
66.48380000000002  66
66.5115  67
66.511  66
66.4955  66
66.458  66
66.41359999999999  66
66.356  66
66.3072  67
66.27050000000001  67
66.23860000000002  67
66.2196  67
66.2075  66
66.2076  66
66.2108  67
66.20340000000002  66
66.2085  67
66.19030000000001  66
66.1774  66
66.1627  66
66.14869999999999  66
66.1282  66
66.11710000000001  67
66.091  66
66.06660000000001  66
66.0382  67
66.00649999999999  66
65.967  66
65.9427  66
65.92399999999999  66
65.9142  66
65.91420000000001  66
65.9244  67
65.9298  66
65.93359999999998  66
65.93849999999999  66
65.9311  66
65.9123  65
65.8981  66
65.8778  66
65.8638  66
65.858  66
65.8613  67
65.8603  65
65.8809  66
65.9072  66
65.9405  66
65.97619999999999  66
66.02179999999998  66
66.0706  66
66.11509999999998  65
66.16159999999999  66
66.1994  66
66.219  66
66.2304  66
66.2319  66
66.2235  66
66.1972  66
66.15169999999999  66
66.1064  66
66.0421  66
65.9681  67
65.8736  67
65.79480000000001  66
65.7304  66
65.6813  66
65.67739999999999  66
65.7069  66
65.7778  67
65.8663  66
65.97189999999999  66
66.06949999999999  66
66.14380000000001  66
66.18370000000002  65
66.1964  64
66.1934  66
66.15849999999999  66
66.1153  66
66.0706  65
66.04400000000001  67
66.0229  67
66.0064  66
66.0047  67
66.00869999999999  66
66.01759999999999  66
66.02069999999999  66
66.0085  66
66.00489999999999  66
65.9844  66
65.9722  66
65.95739999999999  66
65.9558  66
65.9672  66
65.9901  66
66.0208  66
66.05510000000001  66
66.078  67
66.0861  66
66.0685  65
66.0451  66
65.993  66
65.93889999999999  66
65.88680000000001  65
65.8676  67
65.8583  66
65.8957  67
65.9425  66
66.0175  66
66.08670000000001  66
66.1399  66
66.16839999999999  66
66.17750000000001  66
66.15259999999999  65
66.1241  66
66.0834  65
66.0593  66
66.0422  66
66.04410000000001  67
66.06040000000002  67
66.0757  67
66.091  66
66.108  66
66.106  65
66.11110000000001  66
66.0875  66
66.0699  66
66.03490000000001  66
65.9918  67
65.9468  66
65.91590000000001  66
65.8724  66
65.83989999999999  66
65.8232  66
65.8118  66
65.8067  67
65.7962  66
65.7945  66
65.7929  66
65.79119999999999  65
65.8033  66
65.8146  65
65.85440000000001  67
65.8778  66
65.92569999999998  65
65.9819  66
66.029  67
66.0595  65
66.09469999999999  65
66.107  66
66.09089999999999  66
66.0578  66
66.01299999999999  66
65.9448  66
65.8895  66
65.8292  66
65.77329999999999  66
65.72970000000001  66
65.70559999999999  67
65.6821  66
65.68849999999999  67
65.6792  66
65.6908  65
65.69919999999999  65
65.7168  66
65.73679999999999  66
65.76599999999999  66
65.79910000000001  66
65.8317  66
65.8677  64
65.92439999999999  66
65.9674  66
66.03099999999999  66
66.09249999999999  66
66.1559  66
66.2203  65
66.2767  66
66.3165  65
66.3559  67
66.3721  66
66.3717  66
66.3588  66
66.32629999999999  66
66.283  66
66.22590000000001  66
66.1543  67
66.0656  67
65.9509  66
65.8528  67
65.7385  66
65.65120000000002  66
65.5951  67
65.5658  66
65.5804  66
65.6277  66
65.70030000000001  67
65.7742  66
65.8415  66
65.89599999999999  65
65.9292  65
65.9367  65
65.92629999999998  65
65.9186  66
65.898  65
65.9121  67
65.9109  66
65.9336  66
65.967  66
65.9932  66
66.0077  66
66.0088  66
65.99589999999999  66
65.9803  66
65.95139999999999  65
65.9311  66
65.9132  66
65.90039999999999  66
65.8938  66
65.8907  67
65.8564  66
65.8256  67
65.78059999999999  65
65.74119999999999  65
65.7044  66
65.6724  66
65.65899999999999  66
65.66619999999999  66
65.6928  66
65.7349  67
65.773  66
65.82310000000001  65
65.86869999999999  65
65.91659999999999  65
65.9688  66
66.0136  67
66.0401  65
66.07039999999999  65
66.091  66
66.086  66
66.087  66
66.06809999999999  66
66.04520000000001  66
66.0218  66
66.0016  66
65.9875  66
65.9818  66
65.9852  67
65.98429999999999  66
65.9917  66
66.0065  66
66.00439999999999  66
66.0119  66
66.0144  66
66.0119  66
66.0044  65
66.0065  67
65.9917  66
65.9934  66
65.9892  66
66.00229999999999  66
66.0177  66
66.0464  66
66.07449999999999  66
66.1112  66
66.1281  66
66.1448  67
66.1103  65
66.0821  66
66.029  66
65.9688  66
65.9099  66
65.86219999999999  66
65.83220000000001  66
65.825  67
65.828  66
65.8541  67
65.8857  66
65.92750000000001  66
65.96389999999998  65
66.0161  66
66.0632  65
66.11110000000001  67
66.1394  65
66.16579999999999  66
66.1643  66
66.144  66
66.1082  66
66.06230000000001  66
66.0225  66
65.9819  66
65.96  66
65.96010000000001  66
65.99130000000001  67
66.0226  67
66.0533  66
66.095  66
66.1194  66
66.13149999999999  65
66.13  66
66.1246  66
66.11240000000001  66
66.1082  66
66.1128  66
66.11670000000001  66
66.13170000000001  67
66.1203  66
66.10969999999999  66
66.0795  66
66.034  67
65.9671  66
65.90189999999998  65
65.85239999999999  66
65.8133  66
65.7996  67
65.80040000000001  66
65.8281  67
65.8474  66
65.8716  66
65.8788  66
65.86739999999999  65
65.8391  66
65.78549999999998  65
65.72779999999999  66
65.6749  66
65.6398  66
65.6152  66
65.6178  66
65.6475  66
65.6995  66
65.7659  66
65.8366  66
65.901  66
65.94909999999999  65
65.97760000000001  65
66.0045  65
66.0093  66
65.9914  66
65.9571  66
65.9065  65
65.8593  66
65.77459999999999  67
65.6739  66
65.57249999999999  66
65.4765  66
65.4004  66
65.347  66
65.3374  66
65.3415  66
65.3842  66
65.43289999999999  65
65.49319999999999  67
65.5297  66
65.559  65
65.58070000000001  64
65.60510000000001  64
65.638  66
65.6674  65
65.71969999999999  66
65.7744  66
65.82279999999999  66
65.87079999999999  66
65.8976  65
65.90329999999999  66
65.887  64
65.8736  66
65.8393  66
65.80749999999999  66
65.7832  66
65.7701  66
65.77919999999999  66
65.7872  66
65.8189  66
65.84729999999999  66
65.87169999999999  66
65.88780000000001  66
65.88059999999999  65
65.8637  66
65.8181  66
65.7725  65
65.7341  66
65.7048  66
65.6764  66
65.67909999999999  66
65.7086  66
65.74740000000001  66
65.80250000000001  67
65.853  65
65.9258  66
65.9752  65
66.0289  65
66.0795  66
66.1153  66
66.13980000000001  66
66.14939999999999  65
66.15599999999999  66
66.1456  66
66.13770000000001  67
66.09889999999999  65
66.08680000000001  66
66.06830000000001  67
66.04209999999999  66
66.03399999999999  66
66.0145  66
66.01219999999999  67
66.00139999999999  66
65.9964  66
65.9889  66
65.98020000000001  66
65.9715  66
65.96399999999998  66
65.96809999999999  66
65.9704  66
65.98350000000002  67
65.9925  65
66.02179999999998  66
66.0543  66
66.0721  66
66.08930000000001  67
66.08089999999999  65
66.0737  66
66.03359999999999  66
65.97600000000001  66
65.9096  66
65.8445  66
65.78139999999999  66
65.74300000000001  66
65.7128  67
65.6952  66
65.6921  66
65.69539999999999  66
65.7132  66
65.7303  67
65.7438  65
65.77799999999999  65
65.8188  65
65.8694  66
65.9183  66
65.9764  66
66.03089999999999  66
66.083  66
66.12509999999999  65
66.18630000000002  66
66.2317  65
66.2896  66
66.3385  66
66.3802  66
66.40790000000001  67
66.4045  66
66.3832  66
66.3384  66
66.2675  66
66.20349999999999  66
66.1301  66
66.0717  67
66.0237  67
65.9936  67
65.9852  66
