  BITACORA DE LOS DATOS DE LA PRUEBA DE FUERZA DE FRENADO DE MANO DERECHA
(Freno Mano) El cero de fuerza derecha es: 63.62637362637363
(Freno Mano) El span de fuerza derecha es: 25.259828018671687
2745.2406  2735
2744.4368000000004  2752
2743.6560000000004  2739
2743.2936  2757
2743.0986  2753
2743.3758000000003  2748
2743.8819000000003  2754
2744.4311  2754
2744.871  2744
2745.2492  2743
2745.4094000000005  2739
2745.3692999999994  2735
2745.2488  2744
2745.1275  2744
2744.9993999999997  2739
2745.1281  2752
2745.3044  2744
2745.7146000000002  2752
2746.1832  2753
2746.746  2748
2747.3114999999993  2737
2748.0110000000004  2748
2748.5315  2744
2749.0406000000003  2744
2749.4515  2741
2749.8480000000004  2748
2750.0411  2752
2750.0057  2748
2749.9299  2744
2749.79  2752
2749.4013  2744
2749.1167000000005  2752
2748.8199999999997  2753
2748.5097000000005  2752
2748.3141000000005  2750
2748.1306000000004  2754
2748.0676999999996  2750
2748.0518  2755
2747.9838999999997  2748
2748.0450000000005  2748
2748.1727999999994  2747
2748.4219000000003  2754
2748.6858  2750
2748.9954  2741
2749.4577  2750
2749.8579999999997  2755
2749.9905  2744
2750.05  2749
2749.9177999999997  2753
2749.404700000001  2746
2748.7722999999996  2750
2747.8954  2741
2747.1795  2754
2746.4904  2754
2745.9138000000007  2750
2745.5705  2753
2745.36  2753
2745.2828999999997  2755
2745.2781  2753
2745.3983  2746
2745.6433  2748
2745.9365000000007  2750
2746.1787999999997  2735
2746.6393000000003  2737
2747.153  2753
2747.5611  2750
2747.8833999999997  2755
2747.9178  2741
2747.9823  2743
2747.8511  2745
2747.7024000000006  2742
2747.6242  2748
2747.5993000000008  2750
2747.7295999999997  2750
2748.0414000000005  2748
2748.4295  2753
2748.9188999999997  2754
2749.1720999999993  2753
2749.3667000000005  2741
2749.4513999999995  2743
2749.301  2745
2748.9984000000004  2752
2748.7586  2752
2748.4023  2743
2748.3574  2753
2748.3856  2748
2748.7602000000006  2754
2749.2348  2754
2749.7149000000004  2750
2750.2672000000002  2750
2750.6562  2753
2750.7857  2745
2750.7944  2755
2750.4462000000003  2735
2750.1016  2747
2749.5102  2752
2749.0617  2750
2748.6063000000004  2748
2748.3336999999997  2768
2748.0801  2750
2748.0738  2754
2748.1050999999998  2745
2748.3336000000004  2753
2748.6119  2753
2748.8612  2745
2749.1805999999997  2753
2749.3224  2748
2749.3203000000003  2744
2749.2837999999997  2750
2749.0851000000002  2750
2748.7005000000004  2750
2748.2129999999997  2739
2747.9712000000004  2759
2747.4912999999997  2749
2747.236  2748
2747.0272999999997  2755
2746.7111  2753
2746.2401  2748
2745.7741  2748
2745.1648999999998  2753
2744.4044  2748
2743.5526000000004  2750
2742.7993999999994  2745
2742.1387999999997  2737
2741.7783000000004  2748
2741.5469  2758
2741.4702999999995  2752
2741.7365  2744
2742.1171999999997  2753
2742.3915  2734
2742.821  2741
2743.2814000000008  2744
2743.6188  2743
2744.0202  2734
2744.4197  2745
2744.7465  2745
2745.0931  2744
2745.4034  2734
2745.8003999999996  2748
2746.2984  2748
2746.5873  2750
2746.8169  2739
2747.0344999999998  2734
2747.2485  2753
2747.2547  2753
2747.2411999999995  2747
2747.2099  2741
2747.1506  2748
2747.1237000000006  2739
2747.1697  2753
2747.2830999999996  2750
2747.3979  2753
2747.4977999999996  2754
2747.5370000000003  2744
2747.7363  2735
2747.8339000000005  2759
2747.8300999999997  2743
2748.0534000000002  2749
2748.3307999999997  2750
2748.6305  2748
2748.9613999999997  2745
2749.4417000000003  2750
2749.9585  2752
2750.4738  2745
2750.9525  2753
2751.2157  2743
2751.4525  2754
2751.3035  2745
2750.9424  2745
2750.3718  2748
2749.6791999999996  2768
2748.7448  2744
2747.9121999999998  2745
2747.2790999999997  2750
2746.7959  2759
2746.5110000000004  2759
2746.4568  2751
2746.5933  2753
2746.734  2753
2746.9429000000005  2753
2747.0444  2744
2747.087  2739
2747.2462  2749
2747.2923000000005  2748
2747.4212999999995  2745
2747.5454  2744
2747.8396000000002  2748
2748.1479  2755
2748.4188000000004  2746
2748.7433  2753
2749.0049  2745
2749.2717000000002  2744
2749.4597  2748
2749.6000999999997  2748
2749.5661999999998  2744
2749.6279  2755
2749.4566999999997  2753
2749.1579000000006  2744
2748.826899999999  2753
2748.3272000000006  2748
2747.7783999999997  2753
2747.1041  2744
2746.5886  2755
2745.9578  2754
2745.5458000000003  2752
2745.2543  2747
2745.157400000001  2750
2745.2765999999992  2751
2745.5087000000003  2748
2745.8898999999997  2753
2746.2111  2739
2746.6176000000005  2752
2746.8797000000004  2747
2747.1138  2743
2747.2494  2742
2747.3526  2744
2747.3666999999996  2745
2747.3989  2744
2747.3308999999995  2754
2747.2078  2744
2747.0368  2755
2746.8234  2750
2746.6311  2743
2746.5601  2747
2746.5697  2745
2746.8185000000003  2751
2747.1514  2750
2747.6508999999996  2748
2748.1428  2750
2748.5678999999996  2752
2748.8288  2745
2749.0896999999995  2745
2749.1124999999997  2741
2749.4109000000003  2750
2749.5735  2743
2750.1418  2753
2750.7153  2743
2751.4344999999994  2753
2752.143  2755
2752.6459  2755
2752.8961000000004  2750
2752.8875000000003  2750
2752.483999999999  2743
2752.0256000000004  2748
2751.3754  2745
2750.7299999999996  2750
2750.2306  2755
2749.7667  2769
2749.3482000000004  2750
2749.1482  2768
2748.7358999999997  2743
2748.5832  2757
2748.4119  2750
2748.2273999999998  2743
2748.2746999999995  2753
2748.3565  2750
2748.6254000000004  2753
2748.941  2755
2749.3648  2743
2749.8459  2753
2750.2583  2749
2750.6625  2743
2751.0294999999996  2752
2751.2296  2744
2751.4037999999996  2753
2751.4972999999995  2753
2751.443  2744
2751.5096999999996  2747
2751.4647  2759
2751.4822000000004  2748
2751.6265999999996  2755
2751.9044000000004  2753
2752.1227999999996  2754
2752.3544  2748
2752.4289  2756
2752.4176  2749
2752.2430000000004  2753
2751.9229  2757
2751.4282  2753
2750.9494000000004  2748
2750.421599999999  2743
2750.0751999999998  2755
2749.826  2755
2749.7611  2769
2749.7354000000005  2752
2749.9265  2755
2750.1431  2743
2750.5957  2755
2751.0234000000005  2746
2751.5885999999996  2755
2751.8819000000003  2743
2752.3256999999994  2757
2752.4604000000004  2750
2752.4384000000005  2750
2752.27  2747
2751.8226000000004  2755
2751.3089999999997  2747
2750.9383  2750
2750.6757  2755
2750.4595  2755
2750.4228000000003  2759
2750.4657  2755
2750.6545  2750
2750.9204999999997  2754
2751.1058  2757
2751.3673000000003  2759
2751.2573000000007  2735
2751.2853  2746
2751.0368  2748
2750.6418  2755
2750.1312000000003  2768
2749.4264000000003  2746
2748.7786000000006  2746
2748.2506  2750
2747.8524  2755
2747.665  2750
2747.7016  2754
2747.9112  2755
2748.3071000000004  2759
2748.7632999999996  2753
2749.117  2739
2749.5428  2755
2749.6804000000006  2735
2749.8834  2749
2749.8867999999998  2749
2749.8248000000003  2748
2749.7762999999995  2752
2749.7479  2755
2749.6767999999997  2744
2749.7660000000005  2748
2749.8427  2750
2749.9296000000004  2758
2749.9541999999997  2753
2749.8509  2748
2749.7844  2750
2749.5087999999996  2755
2749.1242  2744
2748.8963000000003  2748
2748.6174  2749
2748.4339999999993  2753
2748.3609  2755
2748.3270000000007  2752
2748.3943000000004  2751
2748.5447  2753
2748.7140000000004  2748
2748.9006000000004  2750
2749.0057  2746
2749.223399999999  2745
2749.3817  2752
2749.5201999999995  2746
2749.710800000001  2759
2749.8127  2746
2749.9337  2743
2750.1005999999998  2753
2750.1636000000003  2748
2750.2427  2750
2750.2518  2755
2750.0864000000006  2750
2749.9297000000006  2748
2749.8612000000003  2750
2749.8304  2753
2749.9892  2751
2750.3176000000003  2745
2751.1060999999995  2757
2751.9922  2750
2753.011  2753
2753.9116999999997  2751
2754.4979000000003  2755
2754.7069  2747
2754.5254  2748
2753.989200000001  2748
2753.1826  2750
2752.2859  2751
2751.3913999999995  2745
2750.7137  2752
2750.2417  2768
2749.939800000001  2769
2749.7351000000003  2769
2749.5024000000003  2747
2749.3006000000005  2750
2749.0618000000004  2746
2748.7692  2748
2748.4458999999997  2754
2748.1331999999993  2749
2747.9222999999997  2755
2747.7137000000007  2750
2747.5085000000004  2750
2747.4152999999997  2747
2747.4312999999997  2753
2747.5206  2753
2747.6436  2750
2747.9191  2744
2748.3492000000006  2748
2748.7715  2747
2749.2358  2750
2749.6561999999994  2745
2750.0790999999995  2755
2750.5479  2750
2750.8366999999994  2743
2751.1812000000004  2744
2751.5089000000003  2747
2751.8500000000004  2753
2752.1683999999996  2747
2752.6236999999996  2755
2752.8262999999997  2755
2752.9193999999998  2755
2753.1195  2744
2753.1292  2748
2753.1556999999993  2755
2753.0575999999996  2755
2752.8888999999995  2755
2752.6259  2750
2752.2429  2745
2751.8633000000004  2769
2751.1576999999997  2755
2750.523  2755
2749.9301  2749
2749.3374  2747
2749.0807000000004  2752
2749.1012000000005  2768
2749.2571  2752
2749.7063  2743
2750.3639999999996  2768
2750.7192000000005  2745
2751.2002  2751
2751.3610000000003  2747
2751.3174000000004  2747
2751.1172000000006  2750
2750.6265000000003  2745
2750.0347  2748
2749.3695  2746
2748.7027  2755
2748.0431000000003  2768
2747.3968  2750
2746.8887  2753
2746.563  2750
2746.3807  2750
2746.4984  2750
2746.7034000000003  2753
2747.0105  2747
2747.4194000000007  2755
2747.6657  2747
2747.8595000000005  2743
2747.9841  2750
2747.9226000000003  2743
2747.8941999999997  2743
2747.8891999999996  2747
2747.9444999999996  2745
2748.0953  2748
2748.2619  2759
2748.4693  2748
2748.6796000000004  2753
2748.6713  2743
2748.7375  2753
2748.5977000000003  2743
2748.5041  2745
2748.4010000000003  2750
2748.2683  2749
2748.2747999999997  2751
2748.253  2753
2748.2857000000004  2749
2748.2889000000005  2750
2748.3346999999994  2750
2748.4274  2752
2748.4388  2748
2748.4571  2739
2748.6828000000005  2754
2748.8036999999995  2753
2748.9667000000004  2744
2749.2661999999996  2753
2749.5897  2750
2749.9199000000003  2750
2750.2219000000005  2748
2750.4955  2743
2750.8324  2753
2751.0469000000003  2749
2751.2031  2755
2751.1468  2745
2751.1492  2748
2751.0221  2755
2750.9001000000003  2750
2750.7161  2747
2750.7756  2757
2750.6964  2753
2750.9017000000003  2750
2751.2314  2750
2751.6926  2758
2752.1704000000004  2755
2752.6058  2750
2753.1085999999996  2745
2753.5736  2750
2753.874799999999  2755
2754.1751  2755
2754.42  2747
2754.6403999999998  2752
2754.7331  2746
2754.7041999999997  2759
2754.4598  2750
2754.1493  2768
2753.5237999999995  2749
2752.9387  2759
2752.1592  2753
2751.3352  2750
2750.777  2753
2750.2265999999995  2751
2749.9357999999997  2768
2749.7923  2768
2749.781  2751
2749.9206999999997  2750
2750.1139000000003  2748
2750.2113999999997  2748
2750.3026  2755
2750.2695000000003  2750
2750.2448  2753
2750.0303000000004  2750
2749.8277999999996  2748
2749.6770999999994  2749
