  BITACORA DE LOS DATOS DE LA PRUEBA DE FUERZA DE FRENADO IZQUIERDA DEL EJE DELANTERO
el cero de fuerza izquierda es: 57.714285714285715
el span de fuerza izquierda es: 24.67425865792642
57.677  57
57.6684  58
57.6643  58
57.6617  58
57.660700000000006  58
57.6524  58
57.651  57
57.6477  57
57.6468  58
57.635400000000004  58
57.614999999999995  58
57.5882  58
57.53690000000001  57
57.494699999999995  58
57.433400000000006  57
57.3879  58
57.35209999999999  58
57.327600000000004  57
57.322  58
57.32699999999999  58
57.3507  58
57.36730000000001  57
57.3999  58
57.418  57
57.43180000000001  57
57.45230000000001  57
57.4727  57
57.4994  58
57.524600000000014  57
57.5666  58
57.60629999999999  57
57.6599  57
57.719500000000004  58
57.772299999999994  58
57.81040000000001  57
57.84470000000001  57
57.87  58
57.86580000000001  57
57.8455  58
57.8033  58
57.7545  57
57.706399999999995  58
57.6443  58
57.5998  58
57.557500000000005  58
57.53639999999999  58
57.517399999999995  58
57.5166  58
57.520700000000005  58
57.52  58
57.518100000000004  57
57.519600000000004  57
57.51470000000001  58
57.5002  58
57.4651  57
57.440999999999995  57
57.4183  58
57.3971  58
57.3894  57
57.40090000000001  58
57.4295  57
57.480099999999986  58
57.5321  57
57.5998  58
57.66010000000001  58
57.71290000000001  57
57.7632  57
57.803900000000006  57
57.8382  57
57.8702  58
57.900499999999994  57
57.9338  58
57.965500000000006  58
57.999700000000004  58
58.022299999999994  58
58.042500000000004  57
58.0483  58
58.0387  58
58.0111  58
57.969699999999996  58
57.9207  58
57.8627  58
57.81719999999999  58
57.7599  58
57.725100000000005  58
57.70099999999999  58
57.669200000000004  59
57.6472  58
57.6383  58
57.625600000000006  58
57.6237  57
57.6331  58
57.63969999999999  57
57.6643  58
57.6906  58
57.723499999999994  58
57.75829999999999  58
57.780300000000004  57
57.82130000000001  58
57.836600000000004  56
57.881099999999996  58
57.9095  59
57.92710000000001  57
57.9694  58
57.9954  58
58.0099  57
58.024100000000004  58
58.0228  58
58.01539999999999  58
58.01189999999999  58
57.991299999999995  58
57.982400000000005  58
57.9646  58
57.953300000000006  57
57.95910000000001  59
57.942800000000005  58
57.941300000000005  59
57.933099999999996  58
57.9229  57
57.9293  58
57.92529999999999  58
57.92079999999998  58
57.9069  58
57.899  58
57.8757  58
57.8536  59
57.8187  57
57.7897  58
57.76200000000001  57
57.762299999999996  58
57.7775  59
57.79240000000001  58
57.821000000000005  58
57.84979999999999  58
57.8611  57
57.866200000000006  58
57.8515  58
57.8286  58
57.800799999999995  57
57.785399999999996  58
57.77230000000001  57
57.785599999999995  58
57.8012  59
57.8164  58
57.8415  58
57.841300000000004  58
57.8193  58
57.778800000000004  57
57.7169  57
57.6468  58
57.5753  58
57.5094  58
57.449799999999996  58
57.4184  58
57.407  58
57.408199999999994  58
57.4253  58
57.4465  58
57.4683  57
57.487200000000016  57
57.4914  58
57.4897  57
57.491400000000006  57
57.4963  58
57.500099999999996  57
57.52480000000001  57
57.557500000000005  58
57.60229999999999  58
57.6485  57
57.7022  58
57.742200000000004  58
57.77170000000001  57
57.7992  57
57.830200000000005  57
57.8472  58
57.8701  58
57.882200000000005  57
57.9077  58
57.916399999999996  58
57.9166  58
57.9077  58
57.8915  58
57.861000000000004  57
57.8472  58
57.8169  58
57.79689999999999  58
57.7766  58
57.75970000000001  58
57.7481  58
57.7441  59
57.72570000000001  57
57.725699999999996  58
57.7126  57
57.7014  58
57.680299999999995  58
57.64880000000001  58
57.6022  58
57.5516  58
57.50430000000001  57
57.4676  58
57.4342  57
57.42239999999999  58
57.434  58
57.454  58
57.483000000000004  58
57.5163  58
57.52690000000001  57
57.5295  57
57.524  57
57.49850000000001  57
57.479000000000006  58
57.4515  58
57.4205  57
57.416399999999996  57
57.4182  58
57.434400000000004  58
57.4587  58
57.48740000000001  57
57.528999999999996  58
57.5647  57
57.61110000000001  57
57.65239999999999  58
57.691500000000005  57
57.73159999999999  57
57.76669999999999  58
57.77880000000001  57
57.7919  58
57.7819  58
57.75900000000001  57
57.7175  58
57.663999999999994  57
57.6064  58
57.553599999999996  58
57.5184  58
57.493900000000004  58
57.4964  58
57.525999999999996  58
57.5597  57
57.6222  58
57.677600000000005  58
57.704499999999996  58
57.7111  57
57.6969  57
57.65500000000001  57
57.61409999999999  58
57.5546  57
57.5206  58
57.491400000000006  57
57.4936  58
57.513799999999996  59
57.5453  58
57.58660000000001  58
57.626200000000004  58
57.6488  56
57.676899999999996  57
57.680299999999995  58
57.6642  57
57.6529  58
57.6266  58
57.61090000000001  57
57.6085  58
57.5978  57
57.6063  58
57.61959999999999  58
57.6316  58
57.6403  58
57.635400000000004  58
57.621500000000005  57
57.6043  57
57.5865  57
57.567  58
57.5362  58
57.520300000000006  58
57.4997  58
57.490300000000005  57
57.4936  58
57.4872  58
57.49389999999999  57
57.512800000000006  57
57.53210000000001  58
57.5671  58
57.59570000000001  58
57.626599999999996  57
57.668099999999995  57
57.70560000000001  57
57.7551  58
57.7926  58
57.8212  57
57.8407  58
57.8391  57
57.83840000000001  58
57.81279999999999  58
57.775400000000005  57
57.735800000000005  58
57.7002  58
57.6608  57
57.6403  59
57.6158  58
57.59980000000001  58
57.585300000000004  58
57.565599999999996  57
57.569700000000005  58
57.562  58
57.556200000000004  58
57.5622  57
57.5573  57
57.568200000000004  58
57.5764  58
57.59  58
57.60670000000001  57
57.6281  58
57.6419  57
57.6589  57
57.66720000000001  58
57.6615  58
57.6387  58
57.6023  57
57.5615  58
57.52310000000001  57
57.50180000000001  57
57.501200000000004  59
57.50449999999999  57
57.54639999999999  58
57.598400000000005  58
57.661699999999996  58
57.71750000000001  58
57.77040000000001  57
57.8121  57
57.8367  57
57.8406  57
57.827600000000004  58
57.799  58
57.754999999999995  58
57.698100000000004  57
57.628299999999996  58
57.5511  58
57.49989999999999  58
57.4471  58
57.4044  58
57.369  58
57.34609999999999  58
57.3256  57
57.32379999999999  58
57.3284  58
57.347899999999996  58
57.379000000000005  57
57.4212  56
57.4945  57
57.571299999999994  58
57.6447  59
57.6998  57
57.73610000000001  56
57.7779  58
57.7761  57
57.7623  57
57.738899999999994  57
57.7191  58
57.6928  58
57.68599999999999  58
57.677600000000005  58
57.6818  58
57.675399999999996  58
57.6725  57
57.6731  58
57.6649  58
57.6484  58
57.630500000000005  58
57.6133  56
57.612799999999986  58
57.603  58
57.6041  58
57.615500000000004  58
57.6266  58
57.648300000000006  57
57.6777  58
57.68820000000001  57
57.70399999999999  58
57.700700000000005  57
57.7006  58
57.65950000000001  58
57.6092  58
57.5351  57
57.4612  57
57.385600000000004  58
57.307399999999994  58
57.26940000000001  58
57.2424  58
57.256099999999996  58
57.286699999999996  57
57.35540000000001  58
57.4255  58
57.49550000000001  57
57.5679  57
57.63220000000001  57
57.678500000000014  58
57.7093  56
57.7328  57
57.746199999999995  57
57.752100000000006  58
57.74660000000001  58
57.739000000000004  57
57.73500000000001  59
57.721700000000006  57
57.72339999999999  58
57.708600000000004  57
57.7056  58
57.6926  58
57.6713  58
57.6443  58
57.602900000000005  58
57.544200000000004  57
57.4939  58
57.44670000000001  57
57.4188  58
57.39260000000001  58
57.3939  58
57.4004  58
57.4238  57
57.46040000000001  58
57.483000000000004  58
57.50080000000001  57
57.5149  57
57.522999999999996  57
57.5204  57
57.51670000000001  58
57.5088  58
57.507  57
57.524800000000006  57
57.55969999999999  58
57.602900000000005  58
57.6568  57
57.717099999999995  58
57.7748  57
57.8301  58
57.852700000000006  58
57.8609  57
57.8629  57
57.8457  57
57.834399999999995  58
57.8272  58
57.8344  58
57.8546  58
57.875800000000005  58
57.907599999999995  58
57.923  58
57.923  58
57.89829999999999  58
57.8436  57
57.779599999999995  58
57.6902  58
57.598200000000006  57
57.5308  58
57.4853  59
57.4556  58
57.471799999999995  58
57.500299999999996  58
57.549299999999995  58
57.5891  58
57.617500000000014  57
57.642700000000005  58
57.62620000000001  57
57.596000000000004  57
57.557199999999995  57
57.51180000000001  57
57.4852  58
57.4648  58
57.476299999999995  58
57.5085  58
57.5696  58
57.6369  57
57.7045  58
57.76180000000001  57
57.7911  58
57.8006  57
57.78500000000001  57
57.7469  58
57.68839999999999  57
57.640800000000006  57
57.6115  58
57.6014  58
57.61190000000001  59
57.6413  58
57.675399999999996  58
57.71300000000001  57
57.7479  58
57.7626  58
57.7633  57
57.7635  58
57.7502  56
57.7428  58
57.7331  58
57.709399999999995  58
57.678399999999996  58
57.622299999999996  58
57.5493  58
57.44820000000001  58
57.347300000000004  57
57.261799999999994  58
57.1833  57
57.14919999999999  58
57.1521  58
57.17789999999999  58
57.23579999999999  58
57.31250000000001  58
57.374900000000004  58
57.4389  56
57.508400000000016  57
57.551100000000005  56
57.59590000000001  57
57.63230000000001  57
57.66009999999999  58
57.662200000000006  57
57.6732  58
57.665699999999994  58
57.6499  57
57.641200000000005  57
57.641400000000004  58
57.647000000000006  57
57.678999999999995  58
57.71060000000001  59
57.746100000000006  57
57.80180000000001  58
57.834399999999995  58
57.852  57
57.869200000000006  57
57.874  58
57.8525  58
57.807700000000004  57
57.750299999999996  58
57.6666  58
57.577999999999996  58
57.4758  58
57.388600000000004  58
57.316399999999994  58
57.2611  58
57.2348  57
57.24549999999999  58
57.27810000000001  59
57.3105  58
57.332300000000004  57
57.3609  57
57.378800000000005  57
57.379500000000014  57
57.3721  57
57.3586  57
57.36300000000001  57
57.3717  58
57.3926  57
57.431700000000006  58
57.4703  58
57.5112  57
57.56159999999999  57
57.614200000000004  57
57.6704  58
57.71770000000001  58
57.7493  56
57.7992  57
57.8344  58
57.8455  58
57.8529  58
57.842400000000005  57
57.8195  58
57.7877  57
57.7611  58
57.73089999999999  58
57.701499999999996  58
57.690400000000004  58
57.677  58
57.667100000000005  58
57.6525  58
57.63549999999999  58
57.60530000000001  57
57.5796  58
57.5494  58
57.52890000000001  57
57.5338  58
57.550899999999984  58
57.5775  57
57.6357  58
57.6903  58
57.7332  58
57.770500000000006  57
57.796800000000005  58
57.785900000000005  57
57.7746  57
57.742900000000006  57
57.7178  58
57.6952  58
57.675000000000004  58
57.6732  58
57.6813  58
57.7106  58
57.72539999999999  58
57.740100000000005  57
57.74289999999999  58
57.720299999999995  58
57.6805  57
57.6301  58
57.577  58
57.5296  57
57.5207  58
57.5262  57
57.5672  58
57.624700000000004  59
57.6857  58
57.7538  58
57.8095  57
57.866600000000005  58
57.891  56
57.927200000000006  57
57.95750000000001  57
57.9957  58
58.0322  59
58.048300000000005  58
58.058099999999996  58
58.0417  57
58.014199999999995  58
57.9448  58
57.86599999999999  58
57.77669999999999  58
57.6904  58
57.6111  58
57.554899999999996  58
57.52980000000001  59
57.513499999999986  58
57.511799999999994  58
57.52909999999999  58
57.54030000000001  58
57.54740000000001  58
57.5397  57
57.53180000000001  57
57.5116  57
57.491699999999994  58
57.4622  57
57.462999999999994  58
57.46770000000001  58
57.475699999999996  58
57.489399999999996  57
57.52  57
57.540299999999995  58
57.5565  58
57.56210000000001  57
57.5696  58
57.564600000000006  57
57.5705  57
57.586600000000004  57
57.6201  58
57.6618  58
57.7056  58
57.757600000000004  57
57.809900000000006  58
57.8324  58
57.8438  57
57.83330000000001  57
57.8155  58
57.7672  57
57.7127  58
57.65989999999999  58
57.5998  58
57.541199999999996  58
57.493199999999995  58
57.463300000000004  58
57.455799999999996  58
57.4627  58
57.496100000000006  57
57.5417  58
57.59250000000001  58
57.636500000000005  57
57.6713  58
57.691500000000005  57
