  BITACORA DE LOS DATOS DE LA PRUEBA DE PESO DERECHO DEL EJE DELANTERO
el cero de peso derecho es: 521.0
el span de peso derecho es: 1.0
958
966
963
966
963
967
965
968
967
967
963
970
965
967
972
968
967
971
971
970
973
976
971
971
972
969
967
968
976
974
974
976
970
977
976
977
977
976
980
976
978
976
976
976
976
975
974
978
976
975
975
974
977
974
976
976
974
976
976
975
979
977
978
977
974
974
978
976
976
975
971
977
974
977
975
976
976
978
975
971
974
976
976
980
976
976
976
978
980
977
975
977
976
976
979
976
978
971
976
975
975
978
975
977
980
978
976
977
980
976
976
977
977
978
978
976
974
978
971
976
980
977
974
976
975
977
976
971
975
976
978
976
975
975
976
