  BITACORA DE LOS DATOS DE LA PRUEBA DE FUERZA DE FRENADO IZQUIERDA DEL EJE DELANTERO
el cero de fuerza izquierda es: 55.83516483516483
el span de fuerza izquierda es: 24.67425865792642
1010.6841999999999  1223
1011.8127000000001  1219
1012.9537  1232
1014.1075999999999  1228
1015.3408999999998  1223
1016.5447  1215
1017.8770999999999  1223
1019.2776000000001  1221
1020.7436999999999  1221
1022.3438  1232
1023.9305  1223
1025.5562  1227
1027.197  1232
1028.9001  1231
1030.5333  1248
1032.1552  1260
1033.7217999999998  1267
1035.2241999999999  1285
1036.6838  1312
1038.0602  1323
1039.4173  1342
1040.5586  1360
1041.655  1383
1042.6385  1408
1043.6208  1430
1044.6412999999998  1441
1045.6306999999997  1468
1046.7233999999999  1480
1047.8884  1491
1049.2752999999998  1512
1050.6312  1532
1052.1282  1542
1053.5893  1560
1055.0786999999998  1571
1056.6156999999998  1584
1058.1284999999998  1591
1059.6222000000002  1603
1061.0387999999998  1624
1062.4406  1629
1063.8110000000001  1640
1065.1814000000002  1643
1066.4232  1655
1067.6630999999998  1668
1068.9172999999998  1681
1070.153  1679
1071.4451999999999  1692
1072.7477  1699
1074.0836000000002  1716
1075.3519999999999  1714
1076.6788  1729
1078.0251  1726
1079.3526  1742
1080.6107  1740
1081.9240000000002  1744
1083.1802  1756
1084.3911  1751
1085.6820999999998  1760
1086.8888000000002  1768
1088.0847999999999  1770
1089.3603  1776
1090.686  1777
1092.0353  1786
1093.4527999999998  1792
1094.8323  1785
1096.2315999999998  1800
1097.5201000000002  1790
1098.7544  1783
1099.8795000000002  1808
1100.8931999999998  1802
1101.9153999999999  1805
1102.7922  1809
1103.7151999999999  1808
1104.8458999999998  1820
1105.8847  1820
1107.0259  1824
1108.324  1822
1109.6053  1815
1110.8976  1821
1112.2187999999999  1824
1113.4983  1822
1114.7033  1820
1115.7558999999999  1831
1116.7876999999999  1827
1117.7734  1827
1118.7144999999998  1831
1119.7056000000002  1836
1120.8045000000002  1837
1122.1434999999997  1835
1123.6896000000002  1839
1125.3197000000002  1838
1127.1130000000003  1844
1128.7709000000002  1841
1130.3118  1848
1131.5475  1839
1132.468  1844
1133.0707999999997  1852
1133.4604  1839
1133.7600000000002  1850
1134.1731  1848
1134.8022  1843
1135.7049  1852
1136.8502000000003  1848
1138.3194  1844
1139.9045999999998  1857
1141.6219  1852
1143.2477999999999  1857
1144.7667  1859
1146.1028999999996  1858
1147.4251000000002  1852
1148.4657000000004  1863
1149.5072000000002  1851
1150.5324000000003  1859
1151.6661000000001  1859
1152.7829  1853
1154.0226999999998  1852
1155.2547  1861
1156.5774  1859
1157.8389  1852
1159.1164999999996  1857
1160.2693999999997  1854
1161.3633  1858
1162.3175999999996  1872
1163.2442999999998  1859
1164.0909000000004  1855
1164.9206  1872
1165.5911  1859
1166.3559  1862
1167.1171000000002  1855
1168.028  1853
1168.9093  1859
1169.8965999999998  1855
1170.8895  1872
1172.0347  1863
1173.1383  1853
1174.3201  1859
1175.5034000000003  1870
1176.7282  1853
1177.9737999999998  1872
1179.224  1872
1180.4056999999998  1859
1181.5591  1859
1182.5792999999996  1855
1183.5924000000002  1863
1184.4555999999998  1859
1185.4511  1858
1186.4181  1859
1187.5608000000002  1859
1188.8262000000002  1872
1190.2565000000002  1873
1191.7608000000002  1859
1193.2522  1859
1194.7277000000001  1859
1196.0951  1873
1197.2493  1863
1198.2267  1872
1198.9932000000001  1855
1199.7191  1859
1200.3982999999998  1855
1201.1021000000003  1872
1201.8671  1873
1202.76  1868
1203.6795000000002  1854
1204.7409  1872
1205.8063  1855
1206.9026000000001  1857
1207.8411  1859
1208.6889999999999  1853
1209.5362  1872
1210.1954  1859
1210.8577  1863
1211.5124999999998  1863
1212.1543000000001  1872
1212.9497999999999  1872
1213.7930999999999  1855
1214.8676  1872
1216.0847999999999  1872
1217.4284  1859
1218.7910000000002  1861
1220.2281  1863
1221.6245999999996  1872
1222.9887999999999  1863
1224.2379  1863
1225.4790999999998  1859
1226.6806  1863
1227.8754000000001  1863
1229.0705  1863
1230.2435000000003  1863
1231.3151000000003  1870
1232.3159  1873
1233.2208999999998  1868
1233.9881000000003  1863
1234.6023  1863
1235.2376000000002  1863
1235.7986999999998  1872
1236.5569  1863
1237.3360999999998  1859
1238.2121000000002  1855
1239.1368999999997  1872
1240.143  1872
1241.2631999999996  1863
1242.321  1855
1243.3130999999998  1863
1244.3348999999998  1871
1245.1971999999998  1872
1246.0496  1855
1246.8694  1853
1247.5324  1873
1248.1323  1870
1248.6869  1859
1249.2382  1873
1249.9135999999999  1853
1250.5901  1873
1251.4169000000002  1868
1252.3745  1868
1253.4854  1859
1254.729  1873
1255.9748000000002  1872
1257.3785  1863
1258.7448  1863
1259.9866000000002  1863
1261.2287000000001  1862
1262.354  1863
1263.2930999999999  1872
1264.0902999999998  1863
1264.6802  1872
1265.2309999999998  1859
1265.6905000000002  1863
1266.1019000000001  1870
1266.6486  1872
1267.2408999999998  1867
1267.9454  1872
1268.8436  1873
1269.7789  1872
1270.7811000000002  1872
1271.7889000000002  1876
1272.7696  1872
1273.7779  1872
1274.7082  1863
1275.6561  1859
1276.6025999999997  1863
1277.5366  1860
1278.5082000000002  1871
1279.4532999999997  1865
1280.3025  1872
1281.2469  1862
1282.1407000000002  1872
1283.1488999999997  1862
1284.2355999999997  1855
1285.3702  1867
1286.6221999999998  1870
1288.0158999999999  1863
1289.3806  1863
1290.7841000000003  1863
1292.0253999999998  1853
1293.1778000000002  1863
1294.1293  1863
1294.8973  1862
1295.5173  1863
1295.9527  1870
1296.2316  1868
1296.5688  1873
1296.936  1863
1297.3287999999995  1873
1297.8706999999997  1863
1298.5638000000004  1873
1299.4396999999997  1863
1300.4270999999999  1863
1301.4651999999999  1863
1302.6252999999997  1861
1303.7382  1863
1304.8900999999998  1863
1305.9486000000002  1863
1306.9427999999998  1855
1307.8323000000003  1863
1308.59  1870
1309.2858  1870
1309.7969000000003  1870
1310.2344  1866
1310.5992000000003  1872
1310.9459  1863
1311.3107000000002  1855
1311.8544  1863
1312.5333000000003  1863
1313.4297000000001  1863
1314.5298  1873
1315.7992000000004  1873
1317.3059000000003  1855
1318.772  1853
1320.2224  1862
1321.5734  1863
1322.9092  1855
1324.1539  1855
1325.258  1863
1326.3971000000001  1863
1327.6165999999996  1855
1328.7584999999997  1863
1330.0567999999998  1870
1331.4162000000001  1863
1332.824  1855
1334.292  1872
1335.8263000000002  1861
1337.4797  1859
1339.2433  1872
1340.9939000000002  1855
1342.9331  1863
1344.9989  1863
1347.1241000000002  1872
1349.2402999999997  1863
1351.3996  1867
1353.5727  1868
1355.7860999999998  1872
1357.9218999999998  1863
1360.066  1867
1362.0482000000002  1873
1364.0165  1872
1365.9703  1875
1367.8135  1889
1369.6324999999997  1895
1371.3043000000002  1912
1372.8912999999998  1939
1374.5031999999999  1967
1375.9075  2001
1377.2595999999996  2032
1378.4965999999997  2049
1379.7378999999999  2082
1380.8610999999999  2104
1381.9976000000001  2128
1383.2219999999998  2142
1384.5017999999998  2154
1385.9711999999997  2170
1387.6486999999997  2192
1389.4381999999998  2208
1391.2879  2223
1393.3027000000002  2234
1395.1514  2247
1396.971  2273
1398.7017  2275
1400.0968999999998  2288
1401.4517999999996  2300
1402.6168999999998  2308
1403.8819000000003  2321
1405.0678999999998  2321
1406.2921999999999  2332
1407.6906999999999  2327
1409.2344  2356
1410.904  2353
1412.6313000000002  2360
1414.4522000000004  2366
1416.2671  2363
1418.0842000000002  2371
1419.7511999999997  2375
1421.4116  2383
1423.0207  2400
1424.3733  2392
1425.7891  2383
1427.1312  2398
1428.6029999999998  2416
1429.9628  2420
1431.3677  2416
1432.9575999999997  2422
1434.5601999999997  2407
1436.0853000000002  2424
1437.6981000000003  2419
1439.2578  2421
1440.825  2425
1442.3856999999998  2425
1443.9756  2430
1445.5679  2429
1447.1801000000003  2444
1448.8338999999996  2429
1450.5883  2427
1452.2674  2439
1453.9471999999998  2439
1455.4913000000001  2449
1456.9549  2464
1458.4328000000003  2448
1459.7824000000003  2439
1461.1025999999997  2455
1462.3987  2464
1463.5669  2451
1464.9026  2447
1466.1845000000003  2465
1467.4709  2455
1468.6748  2443
1469.9404000000002  2451
1471.3085  2464
1472.6790999999998  2453
1474.1529  2460
1475.751  2460
1477.4444999999996  2451
1479.1689000000001  2451
1481.0074000000002  2467
1482.8321999999996  2462
1484.5256999999997  2464
1486.1271000000002  2462
1487.5480999999997  2460
1488.8756  2455
1490.0071  2467
1491.0023999999999  2464
1491.9585  2464
1492.9445999999998  2460
1493.9868999999999  2451
1495.0424999999998  2467
1496.1653  2455
1497.2967  2461
1498.5414  2455
1499.7313  2462
1500.9282999999998  2465
1502.1236  2480
1503.2627000000002  2464
1504.5077999999996  2465
1505.7205999999999  2461
1506.9043000000001  2463
1508.2045000000003  2455
1509.4735  2474
1510.7537000000002  2463
1512.0151000000003  2465
1513.2828000000002  2460
1514.5446000000002  2464
1515.7669000000003  2464
1516.9940000000001  2480
1518.2475  2464
1519.5153000000003  2480
1520.7324  2456
1522.1263000000001  2467
1523.5561999999998  2460
1525.0687  2465
1526.6571000000001  2462
1528.1703  2459
1529.8425000000002  2463
1531.356  2465
1532.8001000000004  2464
1534.0443  2463
1535.2148000000002  2481
1536.3848999999998  2465
1537.5463999999997  2462
1538.8256000000001  2470
1540.2078000000001  2478
1541.8051999999998  2467
1543.4836000000003  2480
1545.3576999999996  2465
1547.1579000000002  2455
1548.9261  2463
1550.5977000000003  2462
1551.9642  2480
1553.3452  2462
1554.4783  2467
1555.5405  2467
1556.5033  2464
1557.4938000000002  2480
1558.4611  2481
1559.4481999999998  2472
1560.4626000000003  2470
1561.3724999999997  2465
1562.3424  2467
1563.2331999999997  2463
1564.1381000000001  2455
1565.0144  2464
1565.9053  2467
1566.8386  2465
1567.7927000000002  2476
1568.9852  2461
1570.1845  2467
1571.5295999999998  2467
1572.9543000000003  2478
1574.4295  2463
1575.9873000000002  2463
1577.5910000000001  2461
1579.1139  2464
1580.6041  2462
1582.0503  2472
1583.297  2461
1584.5212000000001  2463
1585.6088000000002  2471
1586.6345000000003  2467
1587.5810999999999  2467
1588.5295  2462
1589.5811999999999  2455
1590.6607  2476
1591.7283000000002  2463
1592.8779999999997  2467
1594.0345999999997  2465
1595.1236999999999  2455
1596.125  2463
1597.1003999999998  2462
1598.0293000000001  2465
1598.9624999999999  2480
1599.9112000000002  2464
1600.9947  2480
1602.2247999999997  2462
1603.6177999999998  2480
1604.9978999999998  2470
1606.489  2463
1608.0307  2480
1609.5017  2478
1610.9311999999998  2481
1612.4707  2467
1613.8521999999996  2463
1615.1886000000002  2471
1616.5733999999998  2464
1617.9228000000003  2467
1619.0836  2462
1620.2534999999996  2455
1621.1897000000004  2463
1621.9856000000004  2467
1622.7874000000002  2468
1623.6673  2480
1624.4421000000002  2465
1625.4925  2472
1626.7053  2463
1628.0567999999996  2469
1629.6478000000002  2478
1631.1983000000002  2480
1632.5978  2462
1634.0217  2474
1635.1373999999998  2467
1636.0744  2467
