  BITACORA DE LOS DATOS DE LA PRUEBA DE PESO IZQUIERDO DEL EJE DELANTERO
el cero de peso izquierdo es: 1912.857142857143
el span de peso izquierdo es: 1.0
2900
2879
2896
2896
2887
2876
2887
2878
2887
2897
2885
2892
2897
2887
2896
2896
2896
2887
2887
2887
2878
2887
2887
2876
2887
2886
2900
2877
2897
2896
2896
2894
2896
2892
2894
2896
2887
2896
2904
2878
2877
2897
2878
2891
2898
2883
2895
2873
2891
2897
2887
2896
2912
2890
2897
2877
2891
2892
2900
2883
2887
2897
2885
2898
2878
2878
2896
2896
2900
2877
2887
2875
2885
2896
2887
2879
2896
2887
2883
2898
2897
2883
2891
2894
2887
2904
2887
2884
2887
2884
2896
2896
2898
2876
2887
2877
2897
2896
2904
2887
2878
2896
2875
2896
2894
2896
2896
2884
2878
2883
2887
2884
2876
2876
2887
2883
2897
2891
2877
2890
2878
2896
2897
2885
2912
2883
2887
2875
2894
