  BITACORA DE LOS DATOS DE LA PRUEBA DE PESO IZQUIERDO DEL EJE DELANTERO
el cero de peso izquierdo es: 129.0
el span de peso izquierdo es: 1.0
956
953
955
953
962
961
961
962
956
958
961
958
958
961
961
964
964
963
962
962
963
962
962
967
963
961
963
962
961
963
967
968
965
967
968
967
967
965
967
968
966
969
968
965
963
967
965
965
967
976
966
968
970
966
963
966
976
966
967
967
967
959
967
959
967
969
968
966
970
967
967
972
968
968
968
969
968
959
963
969
969
968
967
966
963
967
963
970
968
967
968
967
968
968
963
970
967
976
976
972
968
969
968
969
967
968
966
966
966
963
976
963
967
967
968
967
966
967
967
967
967
965
968
972
972
966
970
976
970
968
967
967
970
967
968
967
