  BITACORA DE LOS DATOS DE LA PRUEBA DE FUERZA DE FRENADO DERECHA DEL EJE DELANTERO
el cero de fuerza derecha es: 63.62637362637363
el span de fuerza derecha es: 25.259828018671687
1010.6841999999999  999
1011.8127000000001  999
1012.9537  1001
1014.1075999999999  1007
1015.3408999999998  1012
1016.5447  1006
1017.8770999999999  1007
1019.2776000000001  1009
1020.7436999999999  1010
1022.3438  1016
1023.9305  1015
1025.5562  1009
1027.197  1016
1028.9001  1019
1030.5333  1016
1032.1552  1019
1033.7217999999998  1021
1035.2241999999999  1022
1036.6838  1024
1038.0602  1023
1039.4173  1032
1040.5586  1029
1041.655  1031
1042.6385  1031
1043.6208  1031
1044.6412999999998  1040
1045.6306999999997  1040
1046.7233999999999  1040
1047.8884  1031
1049.2752999999998  1044
1050.6312  1045
1052.1282  1046
1053.5893  1046
1055.0786999999998  1043
1056.6156999999998  1043
1058.1284999999998  1043
1059.6222000000002  1050
1061.0387999999998  1047
1062.4406  1052
1063.8110000000001  1052
1065.1814000000002  1057
1066.4232  1058
1067.6630999999998  1054
1068.9172999999998  1056
1070.153  1057
1071.4451999999999  1064
1072.7477  1063
1074.0836000000002  1072
1075.3519999999999  1063
1076.6788  1063
1078.0251  1068
1079.3526  1070
1080.6107  1071
1081.9240000000002  1072
1083.1802  1070
1084.3911  1075
1085.6820999999998  1080
1086.8888000000002  1074
1088.0847999999999  1079
1089.3603  1080
1090.686  1079
1092.0353  1082
1093.4527999999998  1086
1094.8323  1085
1096.2315999999998  1086
1097.5201000000002  1086
1098.7544  1089
1099.8795000000002  1092
1100.8931999999998  1086
1101.9153999999999  1095
1102.7922  1093
1103.7151999999999  1087
1104.8458999999998  1104
1105.8847  1104
1107.0259  1094
1108.324  1102
1109.6053  1104
1110.8976  1099
1112.2187999999999  1104
1113.4983  1103
1114.7033  1108
1115.7558999999999  1103
1116.7876999999999  1105
1117.7734  1107
1118.7144999999998  1111
1119.7056000000002  1116
1120.8045000000002  1111
1122.1434999999997  1111
1123.6896000000002  1119
1125.3197000000002  1114
1127.1130000000003  1118
1128.7709000000002  1120
1130.3118  1120
1131.5475  1121
1132.468  1119
1133.0707999999997  1122
1133.4604  1119
1133.7600000000002  1118
1134.1731  1126
1134.8022  1136
1135.7049  1136
1136.8502000000003  1136
1138.3194  1136
1139.9045999999998  1136
1141.6219  1134
1143.2477999999999  1131
1144.7667  1135
1146.1028999999996  1127
1147.4251000000002  1135
1148.4657000000004  1134
1149.5072000000002  1139
1150.5324000000003  1139
1151.6661000000001  1146
1152.7829  1144
1154.0226999999998  1144
1155.2547  1148
1156.5774  1154
1157.8389  1146
1159.1164999999996  1152
1160.2693999999997  1146
1161.3633  1155
1162.3175999999996  1150
1163.2442999999998  1149
1164.0909000000004  1155
1164.9206  1168
1165.5911  1157
1166.3559  1157
1167.1171000000002  1157
1168.028  1164
1168.9093  1164
1169.8965999999998  1169
1170.8895  1159
1172.0347  1166
1173.1383  1168
1174.3201  1168
1175.5034000000003  1168
1176.7282  1163
1177.9737999999998  1167
1179.224  1172
1180.4056999999998  1170
1181.5591  1176
1182.5792999999996  1174
1183.5924000000002  1175
1184.4555999999998  1171
1185.4511  1180
1186.4181  1175
1187.5608000000002  1179
1188.8262000000002  1182
1190.2565000000002  1186
1191.7608000000002  1182
1193.2522  1187
1194.7277000000001  1184
1196.0951  1187
1197.2493  1183
1198.2267  1186
1198.9932000000001  1187
1199.7191  1189
1200.3982999999998  1191
1201.1021000000003  1200
1201.8671  1191
1202.76  1200
1203.6795000000002  1199
1204.7409  1200
1205.8063  1200
1206.9026000000001  1204
1207.8411  1204
1208.6889999999999  1191
1209.5362  1199
1210.1954  1203
1210.8577  1208
1211.5124999999998  1208
1212.1543000000001  1203
1212.9497999999999  1208
1213.7930999999999  1207
1214.8676  1207
1216.0847999999999  1217
1217.4284  1212
1218.7910000000002  1209
1220.2281  1213
1221.6245999999996  1209
1222.9887999999999  1214
1224.2379  1210
1225.4790999999998  1217
1226.6806  1219
1227.8754000000001  1211
1229.0705  1217
1230.2435000000003  1224
1231.3151000000003  1223
1232.3159  1228
1233.2208999999998  1223
1233.9881000000003  1228
1234.6023  1223
1235.2376000000002  1232
1235.7986999999998  1223
1236.5569  1228
1237.3360999999998  1236
1238.2121000000002  1238
1239.1368999999997  1236
1240.143  1232
1241.2631999999996  1235
1242.321  1240
1243.3130999999998  1233
1244.3348999999998  1234
1245.1971999999998  1233
1246.0496  1235
1246.8694  1248
1247.5324  1244
1248.1323  1240
1248.6869  1239
1249.2382  1239
1249.9135999999999  1249
1250.5901  1246
1251.4169000000002  1251
1252.3745  1247
1253.4854  1246
1254.729  1251
1255.9748000000002  1246
1257.3785  1249
1258.7448  1256
1259.9866000000002  1247
1261.2287000000001  1249
1262.354  1251
1263.2930999999999  1254
1264.0902999999998  1255
1264.6802  1255
1265.2309999999998  1256
1265.6905000000002  1264
1266.1019000000001  1262
1266.6486  1259
1267.2408999999998  1263
1267.9454  1264
1268.8436  1267
1269.7789  1264
1270.7811000000002  1272
1271.7889000000002  1268
1272.7696  1263
1273.7779  1263
1274.7082  1266
1275.6561  1265
1276.6025999999997  1272
1277.5366  1268
1278.5082000000002  1276
1279.4532999999997  1271
1280.3025  1271
1281.2469  1280
1282.1407000000002  1271
1283.1488999999997  1272
1284.2355999999997  1282
1285.3702  1279
1286.6221999999998  1274
1288.0158999999999  1281
1289.3806  1281
1290.7841000000003  1287
1292.0253999999998  1281
1293.1778000000002  1284
1294.1293  1279
1294.8973  1283
1295.5173  1286
1295.9527  1296
1296.2316  1283
1296.5688  1292
1296.936  1296
1297.3287999999995  1296
1297.8706999999997  1294
1298.5638000000004  1296
1299.4396999999997  1297
1300.4270999999999  1299
1301.4651999999999  1296
1302.6252999999997  1299
1303.7382  1295
1304.8900999999998  1295
1305.9486000000002  1298
1306.9427999999998  1295
1307.8323000000003  1302
1308.59  1299
1309.2858  1303
1309.7969000000003  1301
1310.2344  1308
1310.5992000000003  1304
1310.9459  1306
1311.3107000000002  1305
1311.8544  1312
1312.5333000000003  1312
1313.4297000000001  1308
1314.5298  1312
1315.7992000000004  1309
1317.3059000000003  1314
1318.772  1310
1320.2224  1314
1321.5734  1308
1322.9092  1311
1324.1539  1315
1325.258  1311
1326.3971000000001  1311
1327.6165999999996  1320
1328.7584999999997  1320
1330.0567999999998  1320
1331.4162000000001  1326
1332.824  1328
1334.292  1328
1335.8263000000002  1319
1337.4797  1319
1339.2433  1332
1340.9939000000002  1332
1342.9331  1330
1344.9989  1331
1347.1241000000002  1334
1349.2402999999997  1336
1351.3996  1331
1353.5727  1335
1355.7860999999998  1344
1357.9218999999998  1339
1360.066  1348
1362.0482000000002  1343
1364.0165  1342
1365.9703  1346
1367.8135  1356
1369.6324999999997  1360
1371.3043000000002  1359
1372.8912999999998  1351
1374.5031999999999  1358
1375.9075  1364
1377.2595999999996  1368
1378.4965999999997  1367
1379.7378999999999  1372
1380.8610999999999  1366
1381.9976000000001  1371
1383.2219999999998  1374
1384.5017999999998  1376
1385.9711999999997  1376
1387.6486999999997  1380
1389.4381999999998  1384
1391.2879  1375
1393.3027000000002  1383
1395.1514  1379
1396.971  1383
1398.7017  1392
1400.0968999999998  1382
1401.4517999999996  1385
1402.6168999999998  1383
1403.8819000000003  1393
1405.0678999999998  1396
1406.2921999999999  1395
1407.6906999999999  1404
1409.2344  1399
1410.904  1402
1412.6313000000002  1404
1414.4522000000004  1401
1416.2671  1401
1418.0842000000002  1409
1419.7511999999997  1403
1421.4116  1406
1423.0207  1416
1424.3733  1407
1425.7891  1411
1427.1312  1407
1428.6029999999998  1424
1429.9628  1424
1431.3677  1419
1432.9575999999997  1419
1434.5601999999997  1428
1436.0853000000002  1424
1437.6981000000003  1422
1439.2578  1431
1440.825  1429
1442.3856999999998  1432
1443.9756  1429
1445.5679  1431
1447.1801000000003  1438
1448.8338999999996  1431
1450.5883  1440
1452.2674  1442
1453.9471999999998  1448
1455.4913000000001  1441
1456.9549  1436
1458.4328000000003  1448
1459.7824000000003  1448
1461.1025999999997  1448
1462.3987  1456
1463.5669  1447
1464.9026  1456
1466.1845000000003  1456
1467.4709  1464
1468.6748  1459
1469.9404000000002  1455
1471.3085  1462
1472.6790999999998  1464
1474.1529  1463
1475.751  1468
1477.4444999999996  1468
1479.1689000000001  1463
1481.0074000000002  1468
1482.8321999999996  1473
1484.5256999999997  1476
1486.1271000000002  1474
1487.5480999999997  1466
1488.8756  1475
1490.0071  1479
1491.0023999999999  1480
1491.9585  1480
1492.9445999999998  1484
1493.9868999999999  1489
1495.0424999999998  1487
1496.1653  1488
1497.2967  1488
1498.5414  1494
1499.7313  1492
1500.9282999999998  1495
1502.1236  1495
1503.2627000000002  1487
1504.5077999999996  1493
1505.7205999999999  1495
1506.9043000000001  1500
1508.2045000000003  1504
1509.4735  1502
1510.7537000000002  1500
1512.0151000000003  1499
1513.2828000000002  1503
1514.5446000000002  1505
1515.7669000000003  1507
1516.9940000000001  1505
1518.2475  1514
1519.5153000000003  1511
1520.7324  1507
1522.1263000000001  1511
1523.5561999999998  1511
1525.0687  1520
1526.6571000000001  1521
1528.1703  1511
1529.8425000000002  1521
1531.356  1520
1532.8001000000004  1521
1534.0443  1520
1535.2148000000002  1522
1536.3848999999998  1528
1537.5463999999997  1527
1538.8256000000001  1529
1540.2078000000001  1527
1541.8051999999998  1536
1543.4836000000003  1527
1545.3576999999996  1540
1547.1579000000002  1542
1548.9261  1538
1550.5977000000003  1542
1551.9642  1527
1553.3452  1535
1554.4783  1539
1555.5405  1550
1556.5033  1547
1557.4938000000002  1548
1558.4611  1552
1559.4481999999998  1552
1560.4626000000003  1553
1561.3724999999997  1551
1562.3424  1556
1563.2331999999997  1560
1564.1381000000001  1560
1565.0144  1555
1565.9053  1557
1566.8386  1559
1567.7927000000002  1555
1568.9852  1568
1570.1845  1565
1571.5295999999998  1566
1572.9543000000003  1566
1574.4295  1564
1575.9873000000002  1559
1577.5910000000001  1566
1579.1139  1575
1580.6041  1568
1582.0503  1572
1583.297  1566
1584.5212000000001  1573
1585.6088000000002  1576
1586.6345000000003  1576
1587.5810999999999  1580
1588.5295  1576
1589.5811999999999  1585
1590.6607  1584
1591.7283000000002  1584
1592.8779999999997  1584
1594.0345999999997  1585
1595.1236999999999  1592
1596.125  1590
1597.1003999999998  1583
1598.0293000000001  1592
1598.9624999999999  1592
1599.9112000000002  1587
1600.9947  1592
1602.2247999999997  1596
1603.6177999999998  1602
1604.9978999999998  1596
1606.489  1597
1608.0307  1598
1609.5017  1603
1610.9311999999998  1595
1612.4707  1601
1613.8521999999996  1603
1615.1886000000002  1599
1616.5733999999998  1604
1617.9228000000003  1612
1619.0836  1607
1620.2534999999996  1616
1621.1897000000004  1612
1621.9856000000004  1607
1622.7874000000002  1611
1623.6673  1620
1624.4421000000002  1617
1625.4925  1619
1626.7053  1624
1628.0567999999996  1616
1629.6478000000002  1620
1631.1983000000002  1632
1632.5978  1624
1634.0217  1621
1635.1373999999998  1623
1636.0744  1626
