  BITACORA DE LOS DATOS DE LA PRUEBA DE PESO DERECHO DEL EJE DELANTERO
el cero de peso derecho es: 2214.021978021978
el span de peso derecho es: 1.0
2783
2791
2791
2783
2800
2816
2782
2794
2782
2783
2800
2800
2791
2794
2787
2800
2800
2798
2800
2816
49
2790
2789
2800
2782
2800
2791
2792
2792
2801
2800
2800
2792
2792
2800
2796
2782
49
2782
2789
2801
2800
2787
2789
2791
2800
2791
2787
2801
2782
2805
2783
2801
2787
2801
2800
2783
2800
2800
2796
2782
2790
2791
2791
2791
2791
2794
2791
2791
2789
2800
2791
2780
2790
2791
2816
2783
2798
2800
2800
49
2792
2792
2796
2800
2792
2782
2787
2800
2783
2800
49
2800
2787
2792
2790
2791
2783
2800
2800
2792
49
2783
2801
2787
2791
2798
2800
49
2781
2791
2804
2787
2779
2792
2800
2775
2800
2800
2801
2787
2787
2791
2780
2781
2790
2800
2787
2792
2791
2787
2787
2791
2790
2801
2787
2804
2789
2791
2782
2787
