  BITACORA DE LOS DATOS DE LA PRUEBA DE PESO IZQUIERDO DEL EJE TRASERO
el cero de peso izquierdo es: 52.0
el span de peso izquierdo es: 1.0
567
568
564
567
567
565
566
564
567
564
563
565
568
565
567
568
564
565
563
566
563
565
565
565
563
567
568
567
568
568
563
567
565
568
567
567
563
568
563
561
565
561
566
561
563
565
567
565
565
567
565
563
566
564
563
568
568
568
565
565
563
567
565
565
568
568
565
568
565
568
567
564
566
567
567
565
567
567
566
566
564
567
566
566
563
566
568
565
563
563
567
566
567
564
565
563
567
563
561
566
566
568
566
563
563
568
565
563
565
563
566
563
565
567
567
566
564
563
563
563
565
566
564
564
567
565
565
567
566
567
568
568
567
566
568
