  BITACORA DE LOS DATOS DE LA PRUEBA DE FUERZA DE FRENADO DE MANO IZQUIERDA
(Freno Mano) El cero de fuerza izquierda es: 55.83516483516483
(Freno Mano) El span de fuerza izquierda es: 24.67425865792642
2745.2406  2833
2744.4368000000004  2848
2743.6560000000004  2848
2743.2936  2839
2743.0986  2848
2743.3758000000003  2839
2743.8819000000003  2833
2744.4311  2832
2744.871  2839
2745.2492  2831
2745.4094000000005  2827
2745.3692999999994  2830
2745.2488  2840
2745.1275  2832
2744.9993999999997  2827
2745.1281  2848
2745.3044  2840
2745.7146000000002  2848
2746.1832  2823
2746.746  2837
2747.3114999999993  2844
2748.0110000000004  2835
2748.5315  2846
2749.0406000000003  2830
2749.4515  2848
2749.8480000000004  2839
2750.0411  2840
2750.0057  2827
2749.9299  2823
2749.79  2836
2749.4013  2837
2749.1167000000005  2838
2748.8199999999997  2836
2748.5097000000005  2830
2748.3141000000005  2815
2748.1306000000004  2832
2748.0676999999996  2823
2748.0518  2832
2747.9838999999997  2829
2748.0450000000005  2823
2748.1727999999994  2839
2748.4219000000003  2832
2748.6858  2831
2748.9954  2848
2749.4577  2831
2749.8579999999997  2848
2749.9905  2833
2750.05  2833
2749.9177999999997  2836
2749.404700000001  2823
2748.7722999999996  2831
2747.8954  2819
2747.1795  2830
2746.4904  2844
2745.9138000000007  2848
2745.5705  2831
2745.36  2830
2745.2828999999997  2848
2745.2781  2840
2745.3983  2823
2745.6433  2826
2745.9365000000007  2837
2746.1787999999997  2823
2746.6393000000003  2848
2747.153  2840
2747.5611  2823
2747.8833999999997  2835
2747.9178  2832
2747.9823  2833
2747.8511  2830
2747.7024000000006  2839
2747.6242  2838
2747.5993000000008  2827
2747.7295999999997  2823
2748.0414000000005  2846
2748.4295  2831
2748.9188999999997  2840
2749.1720999999993  2844
2749.3667000000005  2846
2749.4513999999995  2823
2749.301  2846
2748.9984000000004  2836
2748.7586  2840
2748.4023  2819
2748.3574  2848
2748.3856  2844
2748.7602000000006  2831
2749.2348  2833
2749.7149000000004  2839
2750.2672000000002  2835
2750.6562  2836
2750.7857  2835
2750.7944  2844
2750.4462000000003  2848
2750.1016  2835
2749.5102  2844
2749.0617  2833
2748.6063000000004  2823
2748.3336999999997  2840
2748.0801  2833
2748.0738  2840
2748.1050999999998  2819
2748.3336000000004  2837
2748.6119  2844
2748.8612  2827
2749.1805999999997  2835
2749.3224  2848
2749.3203000000003  2839
2749.2837999999997  2848
2749.0851000000002  2833
2748.7005000000004  2840
2748.2129999999997  2823
2747.9712000000004  2840
2747.4912999999997  2839
2747.236  2831
2747.0272999999997  2844
2746.7111  2836
2746.2401  2833
2745.7741  2823
2745.1648999999998  2840
2744.4044  2831
2743.5526000000004  2831
2742.7993999999994  2819
2742.1387999999997  2832
2741.7783000000004  2839
2741.5469  2833
2741.4702999999995  2840
2741.7365  2830
2742.1171999999997  2844
2742.3915  2833
2742.821  2839
2743.2814000000008  2838
2743.6188  2831
2744.0202  2831
2744.4197  2840
2744.7465  2835
2745.0931  2823
2745.4034  2831
2745.8003999999996  2835
2746.2984  2836
2746.5873  2823
2746.8169  2840
2747.0344999999998  2839
2747.2485  2848
2747.2547  2832
2747.2411999999995  2836
2747.2099  2844
2747.1506  2840
2747.1237000000006  2832
2747.1697  2848
2747.2830999999996  2833
2747.3979  2848
2747.4977999999996  2832
2747.5370000000003  2842
2747.7363  2831
2747.8339000000005  2840
2747.8300999999997  2848
2748.0534000000002  2849
2748.3307999999997  2848
2748.6305  2833
2748.9613999999997  2835
2749.4417000000003  2835
2749.9585  2846
2750.4738  2840
2750.9525  2832
2751.2157  2842
2751.4525  2840
2751.3035  2838
2750.9424  2839
2750.3718  2833
2749.6791999999996  2844
2748.7448  2830
2747.9121999999998  2839
2747.2790999999997  2815
2746.7959  2844
2746.5110000000004  2840
2746.4568  2833
2746.5933  2846
2746.734  2837
2746.9429000000005  2833
2747.0444  2839
2747.087  2835
2747.2462  2850
2747.2923000000005  2832
2747.4212999999995  2831
2747.5454  2839
2747.8396000000002  2840
2748.1479  2833
2748.4188000000004  2840
2748.7433  2832
2749.0049  2826
2749.2717000000002  2840
2749.4597  2836
2749.6000999999997  2838
2749.5661999999998  2844
2749.6279  2832
2749.4566999999997  2848
2749.1579000000006  2839
2748.826899999999  2848
2748.3272000000006  2839
2747.7783999999997  2848
2747.1041  2844
2746.5886  2823
2745.9578  2833
2745.5458000000003  2840
2745.2543  2840
2745.157400000001  2837
2745.2765999999992  2823
2745.5087000000003  2823
2745.8898999999997  2848
2746.2111  2836
2746.6176000000005  2848
2746.8797000000004  2844
2747.1138  2835
2747.2494  2831
2747.3526  2815
2747.3666999999996  2830
2747.3989  2828
2747.3308999999995  2835
2747.2078  2835
2747.0368  2832
2746.8234  2819
2746.6311  2840
2746.5601  2839
2746.5697  2823
2746.8185000000003  2833
2747.1514  2833
2747.6508999999996  2827
2748.1428  2827
2748.5678999999996  2830
2748.8288  2823
2749.0896999999995  2830
2749.1124999999997  2848
2749.4109000000003  2823
2749.5735  2840
2750.1418  2815
2750.7153  2827
2751.4344999999994  2840
2752.143  2813
2752.6459  2833
2752.8961000000004  2832
2752.8875000000003  2833
2752.483999999999  2848
2752.0256000000004  2835
2751.3754  2835
2750.7299999999996  2832
2750.2306  2830
2749.7667  2846
2749.3482000000004  2849
2749.1482  2839
2748.7358999999997  2833
2748.5832  2850
2748.4119  2831
2748.2273999999998  2839
2748.2746999999995  2815
2748.3565  2831
2748.6254000000004  2815
2748.941  2831
2749.3648  2815
2749.8459  2848
2750.2583  2836
2750.6625  2831
2751.0294999999996  2844
2751.2296  2815
2751.4037999999996  2840
2751.4972999999995  2832
2751.443  2848
2751.5096999999996  2840
2751.4647  2823
2751.4822000000004  2840
2751.6265999999996  2833
2751.9044000000004  2840
2752.1227999999996  2833
2752.3544  2840
2752.4289  2823
2752.4176  2834
2752.2430000000004  2848
2751.9229  2835
2751.4282  2811
2750.9494000000004  2842
2750.421599999999  2831
2750.0751999999998  2835
2749.826  2833
2749.7611  2844
2749.7354000000005  2844
2749.9265  2840
2750.1431  2833
2750.5957  2844
2751.0234000000005  2835
2751.5885999999996  2848
2751.8819000000003  2833
2752.3256999999994  2833
2752.4604000000004  2831
2752.4384000000005  2823
2752.27  2834
2751.8226000000004  2848
2751.3089999999997  2844
2750.9383  2832
2750.6757  2833
2750.4595  2836
2750.4228000000003  2815
2750.4657  2836
2750.6545  2848
2750.9204999999997  2840
2751.1058  2835
2751.3673000000003  2833
2751.2573000000007  2823
2751.2853  2844
2751.0368  2839
2750.6418  2815
2750.1312000000003  2831
2749.4264000000003  2839
2748.7786000000006  2840
2748.2506  2831
2747.8524  2815
2747.665  2840
2747.7016  2832
2747.9112  2831
2748.3071000000004  2819
2748.7632999999996  2832
2749.117  2835
2749.5428  2833
2749.6804000000006  2838
2749.8834  2840
2749.8867999999998  2823
2749.8248000000003  2836
2749.7762999999995  2830
2749.7479  2833
2749.6767999999997  2844
2749.7660000000005  2838
2749.8427  2840
2749.9296000000004  2819
2749.9541999999997  2832
2749.8509  2846
2749.7844  2819
2749.5087999999996  2832
2749.1242  2844
2748.8963000000003  2842
2748.6174  2836
2748.4339999999993  2844
2748.3609  2848
2748.3270000000007  2844
2748.3943000000004  2833
2748.5447  2844
2748.7140000000004  2819
2748.9006000000004  2823
2749.0057  2830
2749.223399999999  2839
2749.3817  2846
2749.5201999999995  2835
2749.710800000001  2849
2749.8127  2831
2749.9337  2833
2750.1005999999998  2848
2750.1636000000003  2835
2750.2427  2825
2750.2518  2815
2750.0864000000006  2833
2749.9297000000006  2848
2749.8612000000003  2848
2749.8304  2844
2749.9892  2848
2750.3176000000003  2836
2751.1060999999995  2840
2751.9922  2833
2753.011  2836
2753.9116999999997  2848
2754.4979000000003  2842
2754.7069  2835
2754.5254  2836
2753.989200000001  2839
2753.1826  2833
2752.2859  2840
2751.3913999999995  2835
2750.7137  2846
2750.2417  2815
2749.939800000001  2846
2749.7351000000003  2842
2749.5024000000003  2823
2749.3006000000005  2823
2749.0618000000004  2830
2748.7692  2839
2748.4458999999997  2840
2748.1331999999993  2839
2747.9222999999997  2848
2747.7137000000007  2833
2747.5085000000004  2823
2747.4152999999997  2846
2747.4312999999997  2832
2747.5206  2815
2747.6436  2823
2747.9191  2840
2748.3492000000006  2831
2748.7715  2848
2749.2358  2832
2749.6561999999994  2831
2750.0790999999995  2827
2750.5479  2830
2750.8366999999994  2815
2751.1812000000004  2840
2751.5089000000003  2844
2751.8500000000004  2832
2752.1683999999996  2840
2752.6236999999996  2833
2752.8262999999997  2848
2752.9193999999998  2827
2753.1195  2842
2753.1292  2835
2753.1556999999993  2832
2753.0575999999996  2813
2752.8888999999995  2848
2752.6259  2833
2752.2429  2839
2751.8633000000004  2844
2751.1576999999997  2846
2750.523  2844
2749.9301  2848
2749.3374  2833
2749.0807000000004  2846
2749.1012000000005  2833
2749.2571  2839
2749.7063  2848
2750.3639999999996  2835
2750.7192000000005  2849
2751.2002  2840
2751.3610000000003  2839
2751.3174000000004  2831
2751.1172000000006  2833
2750.6265000000003  2819
2750.0347  2833
2749.3695  2833
2748.7027  2840
2748.0431000000003  2831
2747.3968  2832
2746.8887  2840
2746.563  2832
2746.3807  2811
2746.4984  2832
2746.7034000000003  2830
2747.0105  2850
2747.4194000000007  2844
2747.6657  2848
2747.8595000000005  2815
2747.9841  2831
2747.9226000000003  2833
2747.8941999999997  2832
2747.8891999999996  2830
2747.9444999999996  2827
2748.0953  2835
2748.2619  2807
2748.4693  2831
2748.6796000000004  2840
2748.6713  2832
2748.7375  2840
2748.5977000000003  2833
2748.5041  2823
2748.4010000000003  2835
2748.2683  2846
2748.2747999999997  2831
2748.253  2811
2748.2857000000004  2836
2748.2889000000005  2840
2748.3346999999994  2840
2748.4274  2830
2748.4388  2831
2748.4571  2848
2748.6828000000005  2833
2748.8036999999995  2840
2748.9667000000004  2848
2749.2661999999996  2848
2749.5897  2833
2749.9199000000003  2827
2750.2219000000005  2840
2750.4955  2848
2750.8324  2832
2751.0469000000003  2835
2751.2031  2844
2751.1468  2835
2751.1492  2849
2751.0221  2844
2750.9001000000003  2833
2750.7161  2823
2750.7756  2815
2750.6964  2840
2750.9017000000003  2827
2751.2314  2833
2751.6926  2830
2752.1704000000004  2846
2752.6058  2833
2753.1085999999996  2835
2753.5736  2832
2753.874799999999  2844
2754.1751  2846
2754.42  2823
2754.6403999999998  2815
2754.7331  2834
2754.7041999999997  2840
2754.4598  2848
2754.1493  2831
2753.5237999999995  2833
2752.9387  2848
2752.1592  2838
2751.3352  2833
2750.777  2830
2750.2265999999995  2832
2749.9357999999997  2831
2749.7923  2846
2749.781  2819
2749.9206999999997  2835
2750.1139000000003  2827
2750.2113999999997  2823
2750.3026  2833
2750.2695000000003  2823
2750.2448  2848
2750.0303000000004  2819
2749.8277999999996  2823
2749.6770999999994  2846
