  BITACORA DE LOS DATOS DE LA PRUEBA DE FUERZA DE FRENADO DERECHA DEL EJE TRASERO
el cero de fuerza derecha es: 65.8021978021978
el span de fuerza derecha es: 25.259828018671687
619.4787  615
619.6545  615
619.7849000000001  615
619.9353  618
620.1158000000001  624
620.2456000000001  618
620.3917  620
620.4625000000001  620
620.5044  619
620.5019000000001  620
620.4088  620
620.2552000000002  620
620.0997999999998  618
619.8561  623
619.6102999999999  619
619.4111000000001  620
619.3127  624
619.2777  624
619.3119  619
619.4566  617
619.7062000000001  620
619.9433  622
620.1446  622
620.2621999999998  619
620.3578999999999  620
620.3533  619
620.2986  615
620.266  615
620.2606  624
620.1899999999999  618
620.1929  624
620.2116000000001  622
620.2846  624
620.3021000000001  622
620.3438  617
620.4521999999998  615
620.6051000000001  620
620.737  622
620.9448000000001  624
621.1549  621
621.3746000000002  622
621.5540000000001  618
621.7212999999999  617
621.9444000000001  620
622.1356999999998  623
622.321  622
622.4919  619
622.6381  622
622.736  624
622.7150999999999  619
622.6602  621
622.5131999999999  625
622.2894000000001  624
622.0237999999999  618
621.8264  622
621.6680000000001  624
621.6143  625
621.6653  625
621.7677  621
622.0125999999999  625
622.1919  622
622.3889999999999  623
622.5127  622
622.5229  619
622.4591  622
622.2915  620
622.1070000000001  621
621.8695000000001  621
621.6186  624
621.3927  624
621.1803  624
621.0021  623
620.8829999999999  624
620.7593  624
620.6469999999998  619
620.6080999999999  624
620.5787  619
620.625  622
620.6884  624
620.7658999999999  621
620.8583999999998  619
621.0062999999999  619
621.1833  623
621.3306000000001  622
621.4399999999998  619
621.5693  621
621.6209999999999  619
621.7239000000001  620
621.8212000000001  624
621.8802999999999  622
621.9217  620
622.0221999999999  619
622.1359000000001  622
622.2357000000001  623
622.3194000000001  624
622.3666999999999  624
622.3992  619
622.4082  620
622.4184000000001  622
622.4152999999999  624
622.4216999999999  622
622.4676999999999  624
622.5213999999999  619
622.6586000000001  624
622.8031  625
622.952  624
623.1275999999999  619
623.3335999999999  623
623.4964  623
623.6525000000001  623
623.7663999999999  622
623.8328000000001  621
623.8737  625
623.8234  622
623.7691  624
623.6841  623
623.6132  624
623.5267999999999  624
623.4769  624
623.4259  624
623.3942999999999  625
623.3379  624
623.2912  626
623.2033  624
623.1267  622
623.0854  623
623.0578  623
623.0792  623
623.1694999999999  625
623.2975999999999  624
623.4573  624
623.6182  624
623.7925999999999  624
623.8800000000001  621
624.0081  623
624.0679000000001  622
624.1533  624
624.2301  623
624.3285000000001  624
624.4565  623
624.5889  624
624.7581999999999  626
624.8883000000001  625
625.0416  624
625.1603000000001  624
625.2392000000001  624
625.2946  623
625.3147000000001  623
625.3319999999999  628
625.325  623
625.3751  628
625.362  624
625.4402000000001  625
625.5385  625
625.7052000000001  625
625.8915999999999  628
626.0798000000001  625
626.3606  627
626.6109  623
626.8796  626
627.1285  625
627.3837000000001  625
627.5768  627
627.7461999999999  625
627.8609999999999  625
627.9471  628
628.0193999999999  629
628.0080999999999  624
628.0503000000001  627
628.0636  627
628.1131000000001  631
628.1724  628
628.2918999999999  626
628.4896  631
628.6718999999999  629
628.9437  626
629.2149  627
629.5062  630
629.7502000000001  627
629.9231  631
630.0115000000001  627
630.0609  626
630.0426999999999  631
629.9673  627
629.9182  630
629.8877000000001  629
629.9256  630
630.0512000000001  632
630.2296999999999  632
630.4392  632
630.6894  628
630.9867999999999  632
631.1873  627
631.3916999999999  630
631.5310999999999  632
631.6008  627
631.6871999999998  630
631.7149000000001  632
631.7392  630
631.8100000000001  632
631.9049000000001  631
632.0519  632
632.2047  632
632.4373999999999  634
632.6734000000001  633
632.9181000000001  629
633.2095  631
633.4887000000001  634
633.7420000000002  631
633.9754  631
634.1897  632
634.3145  633
634.4148  635
634.3934  632
634.3684000000001  632
634.3381999999999  633
634.3122999999999  635
634.3496999999999  636
634.4617000000001  632
634.718  636
635.0656000000001  636
635.4358  635
635.8569  635
636.2932000000001  634
636.6965999999999  635
637.0882  633
637.4637000000001  635
637.8269  631
638.2987  636
638.7539  633
639.2815999999999  637
639.8417999999999  640
640.3765999999999  638
640.8944  638
641.3423999999999  636
641.7174  636
642.0446  640
642.2894000000001  636
642.5515  638
642.7883000000002  642
643.0441  641
643.3532999999999  644
643.6498999999998  641
644.0178999999999  640
644.4009  645
644.7317000000002  643
645.0635000000001  641
645.3736  643
645.6528000000003  643
645.8788000000001  644
646.0638000000002  644
646.1911000000001  642
646.3184  644
646.4609  646
646.6030000000001  648
646.7569999999998  645
647.0202000000002  646
647.3116  646
647.7  644
648.1109000000001  648
648.519  648
648.9518  647
649.3038000000001  647
649.575  645
649.8028999999999  647
649.9647  646
650.1224  648
650.2473  647
650.4128  648
650.6503999999999  652
650.9038  651
651.2247  649
651.6427000000001  652
652.0896  649
652.6004  653
653.1209  647
653.6644  647
654.2394000000002  654
654.7838  652
655.3093999999999  651
655.7918999999999  651
656.2728000000001  651
656.724  653
657.1082  652
657.4930000000002  653
657.8383  657
658.1222  656
658.3804000000001  655
658.5808000000001  656
658.8072999999999  656
659.0257999999999  656
659.3034000000001  660
659.5767000000001  656
659.9119  657
660.2927999999999  661
660.612  660
660.9228999999998  657
661.1716999999999  660
661.3685999999999  660
661.4843  657
661.6307999999998  659
661.7896999999999  659
662.0333999999999  661
662.3426  663
662.6754  659
663.1453  664
663.6126999999999  662
664.1452999999999  664
664.6679999999999  662
665.1747999999999  659
665.7240999999999  661
666.2061  659
666.6644  664
667.0408000000001  663
667.3381  668
667.4924000000001  664
667.5592  664
667.5281000000001  663
667.5707  666
667.6394999999999  668
667.8391  665
668.218  669
668.7284999999999  668
669.3507000000001  670
