  BITACORA DE LOS DATOS DE LA PRUEBA DE FUERZA VERTICAL IZQUIERDA DEL EJE TRASERO
el cero de peso izquierdo es: 47.0
el span de peso izquierdo es: 9.463719187537034
455
458
455
455
456
462
462
457
430
468
487
467
449
466
448
445
463
482
439
456
468
463
465
471
461
430
450
473
461
463
461
447
448
466
480
446
445
447
449
471
483
461
446
436
457
468
482
464
444
448
458
462
481
474
447
434
459
460
475
481
446
439
450
452
469
480
449
446
450
454
472
485
457
448
455
456
472
490
449
447
441
454
483
484
464
451
437
437
466
469
479
465
444
450
460
467
482
462
447
435
448
467
478
477
455
439
441
453
478
479
470
451
425
443
454
486
480
455
451
433
446
473
487
483
449
440
429
461
475
493
469
446
422
442
459
476
494
465
443
425
439
468
478
488
466
440
427
435
469
487
487
464
446
423
431
475
490
482
463
448
418
430
475
497
475
465
447
417
419
473
487
480
472
451
409
433
465
472
494
486
442
407
434
458
467
499
493
444
418
423
437
469
508
484
461
439
415
416
462
490
498
489
455
417
417
441
469
506
492
467
433
411
424
450
490
502
490
451
417
414
430
469
496
499
479
445
418
414
433
478
499
502
474
438
408
420
432
479
507
498
471
425
403
414
434
479
514
503
468
432
396
412
435
483
509
500
473
437
404
409
431
471
504
507
483
446
403
405
418
475
494
514
499
449
419
393
411
447
488
514
507
476
424
408
405
423
471
503
515
493
453
416
396
405
445
485
509
509
481
442
391
395
417
457
500
519
502
474
435
389
396
423
465
497
520
499
474
427
385
394
424
464
498
523
506
473
433
391
387
418
459
493
519
505
474
442
401
388
402
450
489
521
511
495
459
409
384
390
432
468
500
520
507
471
440
393
392
399
446
482
509
516
506
464
421
387
385
414
453
492
510
514
498
457
418
389
384
419
455
496
512
517
493
459
421
392
387
416
451
488
509
524
498
466
431
391
390
410
441
478
507
509
507
479
443
409
388
396
425
454
491
511
513
>>>>>>>>>>Valor Minimo DEL EJE 1: 393.0
