  BITACORA DE LOS DATOS DE LA PRUEBA DE FUERZA VERTICAL DERECHA DEL EJE DELANTERO
>>> .******* VALORES RECOGIDOS EN BRUTO .<<<<<**** 
>> CANT. VALORES <<679
1579
1579
767
747
712
722
746
779
776
725
714
730
735
782
784
710
723
730
735
787
785
715
715
727
736
775
801
715
709
728
720
786
799
722
712
712
725
787
792
740
717
711
723
783
775
764
735
698
721
755
779
791
739
696
714
729
781
800
762
717
700
711
760
791
797
741
695
699
723
776
801
776
727
692
701
745
785
809
759
711
696
707
747
801
816
745
698
692
709
755
803
808
753
693
687
708
757
801
811
759
693
681
707
746
807
828
763
701
680
685
739
795
832
777
725
675
674
719
794
823
804
742
680
668
708
751
816
839
778
709
675
669
715
793
835
815
763
683
651
684
730
808
850
808
739
667
647
683
745
815
851
802
730
656
643
679
753
824
858
816
735
652
631
664
739
823
875
832
754
659
621
646
706
800
867
874
788
694
631
617
663
755
849
883
843
758
651
603
623
691
784
878
896
831
733
635
586
619
697
802
896
909
827
727
625
580
607
688
791
904
925
856
745
629
566
583
647
760
883
932
911
800
675
585
563
592
702
813
923
944
879
756
632
567
554
609
722
833
936
946
880
744
632
558
552
603
709
825
930
946
887
777
655
577
551
583
677
785
883
940
914
831
723
633
585
575
627
721
807
874
907
867
803
729
655
619
619
661
720
787
831
855
839
803
755
713
677
664
674
696
729
767
795
806
801
794
773
741
719
702
689
693
703
728
754
778
795
795
787
778
747
722
707
693
695
706
731
747
769
788
785
785
779
760
739
722
705
704
704
718
734
751
768
778
780
777
772
765
751
731
717
715
713
717
730
737
752
764
775
772
779
776
759
752
736
727
721
717
726
728
737
745
760
767
770
774
773
774
765
749
738
729
723
725
726
730
729
740
751
760
759
767
771
771
769
761
747
734
735
728
725
727
727
729
737
743
749
753
756
762
767
771
766
755
749
735
729
739
731
728
726
728
735
734
743
750
749
753
762
767
770
768
755
752
745
740
743
743
738
727
732
727
726
740
741
745
753
753
758
763
772
768
766
760
754
747
755
749
747
741
729
721
725
726
733
738
745
746
745
748
755
763
771
768
771
762
755
748
752
754
752
747
744
730
723
727
724
729
740
739
738
736
731
733
746
755
767
772
773
768
758
753
752
754
760
763
759
748
746
740
730
727
729
728
731
733
733
730
729
727
727
731
739
751
763
772
776
771
765
760
755
758
763
768
767
764
762
757
748
743
736
727
730
732
735
731
735
731
723
723
720
720
727
731
736
741
749
760
768
776
771
765
763
759
755
763
763
771
769
767
767
762
759
755
747
744
737
735
735
733
737
737
735
731
728
723
724
722
725
722
725
723
725
726
723
728
733
737
743
749
757
763
767
769
767
763
763
760
759
763
767
771
771
771
767
765
765
761
763
762
759
756
755
754
753
748
748
744
743
741
739
736
735
735
735
736
736
733
735
732
734
733
732
731
734
732
732
732
731
730
728
730
728
730
728
729
727
731
728
729
732
733
735
736
737
742
743
748
753
757
761
766
767
767
767
767
764
763
764
767
766
765
765
765
764
763
762
763
761
>>> FIN  DE ARCHIVO  DE VALORES BRUTO <<< 
>>> .******* VALORES RECOGIDOS ARMONIZAR .<<<<<**** 
>> CANT. VALORES <<679
1579
1579
767
747
712
722
746
779
776
725
714
730
735
782
784
710
723
730
735
787
785
715
715
727
736
775
801
715
709
728
720
786
799
722
712
712
725
787
792
740
717
711
723
783
775
764
735
698
721
755
779
791
739
696
714
729
781
800
762
717
700
711
760
791
797
741
695
699
723
776
801
776
727
692
701
745
785
809
759
711
696
707
747
801
816
745
698
692
709
755
803
808
753
693
687
708
757
801
811
759
693
681
707
746
807
828
763
701
680
685
739
795
832
777
725
675
674
719
794
823
804
742
680
668
708
751
816
839
778
709
675
669
715
793
835
815
763
683
651
684
730
808
850
808
739
667
647
683
745
815
851
802
730
656
643
679
753
824
858
816
735
652
631
664
739
823
875
832
754
659
621
646
706
800
867
874
788
694
631
617
663
755
849
883
843
758
651
603
623
691
784
878
896
831
733
635
586
619
697
802
896
909
827
727
625
580
607
688
791
904
925
856
745
629
566
583
647
760
883
932
911
800
675
585
563
592
702
813
923
944
879
756
632
567
554
609
722
833
936
946
880
744
632
558
552
603
709
825
930
946
887
777
655
577
551
583
677
785
883
940
914
831
723
633
585
575
627
721
807
874
907
867
803
729
655
619
619
661
720
787
831
855
839
803
755
713
677
664
674
696
729
767
795
806
801
794
773
741
719
702
689
693
703
728
754
778
795
795
787
778
747
722
707
693
695
706
731
747
769
788
785
785
779
760
739
722
705
704
704
718
734
751
768
778
780
777
772
765
751
731
717
715
713
717
730
737
752
764
775
772
779
776
759
752
736
727
721
717
726
728
737
745
760
767
770
774
773
774
765
749
738
729
723
725
726
730
729
740
751
760
759
767
771
771
769
761
747
734
735
728
725
727
727
729
737
743
749
753
756
762
767
771
766
755
749
735
729
739
731
728
726
728
735
734
743
750
749
753
762
767
770
768
755
752
745
740
743
743
738
727
732
727
726
740
741
745
753
753
758
763
772
768
766
760
754
747
755
749
747
741
729
721
725
726
733
738
745
746
745
748
755
763
771
768
771
762
755
748
752
754
752
747
744
730
723
727
724
729
740
739
738
736
731
733
746
755
767
772
773
768
758
753
752
754
760
763
759
748
746
740
730
727
729
728
731
733
733
730
729
727
727
731
739
751
763
772
776
771
765
760
755
758
763
768
767
764
762
757
748
743
736
727
730
732
735
731
735
731
723
723
720
720
727
731
736
741
749
760
768
776
771
765
763
759
755
763
763
771
769
767
767
762
759
755
747
744
737
735
735
733
737
737
735
731
728
723
724
722
725
722
725
723
725
726
723
728
733
737
743
749
757
763
767
769
767
763
763
760
759
763
767
771
771
771
767
765
765
761
763
762
759
756
755
754
753
748
748
744
743
741
739
736
735
735
735
736
736
733
735
732
734
733
732
731
734
732
732
732
731
730
728
730
728
730
728
729
727
731
728
729
732
733
735
736
737
742
743
748
753
757
761
766
767
767
767
767
764
763
764
767
766
765
765
765
764
763
762
763
761
>>> FIN  DE ARCHIVO DE VALORES ARMONIZADOS <<<<< 
TEST. -el cero de peso derecho es: 384.0
el span de peso derecho es: 9.2000745489787
1579
1579
767
747
712
722
746
779
776
725
714
730
735
782
784
710
723
730
735
787
785
715
715
727
736
775
801
715
709
728
720
786
799
722
712
712
725
787
792
740
717
711
723
783
775
764
735
698
721
755
779
791
739
696
714
729
781
800
762
717
700
711
760
791
797
741
695
699
723
776
801
776
727
692
701
745
785
809
759
711
696
707
747
801
816
745
698
692
709
755
803
808
753
693
687
708
757
801
811
759
693
681
707
746
807
828
763
701
680
685
739
795
832
777
725
675
674
719
794
823
804
742
680
668
708
751
816
839
778
709
675
669
715
793
835
815
763
683
651
684
730
808
850
808
739
667
647
683
745
815
851
802
730
656
643
679
753
824
858
816
735
652
631
664
739
823
875
832
754
659
621
646
706
800
867
874
788
694
631
617
663
755
849
883
843
758
651
603
623
691
784
878
896
831
733
635
586
619
697
802
896
909
827
727
625
580
607
688
791
904
925
856
745
629
566
583
647
760
883
932
911
800
675
585
563
592
702
813
923
944
879
756
632
567
554
609
722
833
936
946
880
744
632
558
552
603
709
825
930
946
887
777
655
577
551
583
677
785
883
940
914
831
723
633
585
575
627
721
807
874
907
867
803
729
655
619
619
661
720
787
831
855
839
803
755
713
677
664
674
696
729
767
795
806
801
794
773
741
719
702
689
693
703
728
754
778
795
795
787
778
747
722
707
693
695
706
731
747
769
788
785
785
779
760
739
722
705
704
704
718
734
751
768
778
780
777
772
765
751
731
717
715
713
717
730
737
752
764
775
772
779
776
759
752
736
727
721
717
726
728
737
745
760
767
770
774
773
774
765
749
738
729
723
725
726
730
729
740
751
760
759
767
771
771
769
761
747
734
735
728
725
727
727
729
737
743
749
753
756
762
767
771
766
755
749
735
729
739
731
728
>>>>>>>>>>Valor Minimo DEL EJE 1: 551.0
