  BITACORA DE LOS DATOS DE LA PRUEBA DE FUERZA VERTICAL IZQUIERDA DEL EJE DELANTERO
>>> .******* VALORES RECOGIDOS EN BRUTO .<<<<<**** 
>> CANT. VALORES <<682
443
444
416
427
449
467
465
435
414
436
467
462
446
437
409
420
469
479
421
423
425
440
457
496
430
394
425
451
453
483
450
392
425
450
459
467
457
400
413
453
459
453
453
408
413
460
465
461
450
418
408
455
469
463
457
414
404
452
461
476
456
416
401
440
464
467
459
420
407
431
463
473
464
423
389
419
458
479
481
433
408
410
429
463
491
450
418
410
415
466
485
461
437
402
410
446
472
489
453
404
398
423
469
491
462
435
405
407
442
468
496
461
409
399
407
462
487
475
454
399
401
424
459
497
475
435
408
401
427
469
498
473
409
403
389
442
473
489
473
415
393
395
439
480
491
474
416
388
399
439
485
494
469
412
389
395
435
480
497
479
425
389
391
423
471
501
495
421
394
387
417
460
493
501
442
404
390
398
443
499
497
465
426
377
374
424
479
488
496
449
392
391
404
435
498
513
466
425
389
375
414
477
500
504
454
403
376
387
438
487
505
487
436
390
383
400
448
495
503
476
437
391
373
409
450
499
508
480
427
386
378
406
451
503
501
485
429
387
375
402
448
496
512
485
443
395
369
394
433
488
511
499
459
399
377
375
419
475
500
517
472
424
380
365
401
442
501
511
495
451
397
371
375
415
474
506
517
476
426
382
364
386
435
484
504
505
469
416
377
369
397
444
488
509
499
469
413
375
372
401
442
489
508
508
466
416
378
368
397
433
491
504
510
470
431
393
373
383
420
469
501
503
483
448
402
375
381
402
450
491
500
503
465
429
394
375
387
423
464
494
499
497
459
420
391
381
391
433
466
492
501
496
459
411
392
389
390
433
467
489
498
489
460
419
399
385
387
427
454
481
497
491
459
442
410
388
391
408
437
470
493
487
485
463
419
401
391
390
419
448
479
491
488
474
454
416
396
398
402
419
450
481
489
487
471
453
419
403
397
400
417
443
471
486
487
465
457
431
407
404
401
409
435
460
475
479
481
470
447
417
403
403
403
415
446
460
481
475
475
465
442
424
406
408
411
421
445
465
476
478
477
469
441
424
415
412
410
416
433
455
470
474
477
469
454
441
419
413
415
410
425
443
460
471
472
475
467
449
434
423
413
406
412
423
440
457
469
470
469
471
449
437
428
417
411
413
421
432
451
463
466
473
472
464
450
434
420
424
412
412
422
438
449
461
465
470
469
461
447
437
423
419
417
413
421
433
447
455
459
474
472
466
460
442
433
426
421
411
422
427
435
452
456
464
460
476
461
451
438
432
425
419
405
415
420
435
445
458
457
464
468
465
463
451
436
433
421
417
416
417
425
439
447
455
460
468
464
467
459
447
438
434
425
421
417
417
427
437
443
449
451
463
466
464
465
457
447
435
430
425
421
419
419
428
427
440
448
449
457
467
470
470
459
446
439
436
435
427
421
423
421
429
437
435
440
447
457
463
467
470
459
449
445
441
432
426
422
418
416
422
429
435
443
448
448
462
466
465
467
461
448
441
439
438
436
431
421
419
421
424
432
438
442
445
448
461
466
468
471
462
448
445
445
443
437
432
423
419
418
421
429
435
>>> FIN  DE ARCHIVO  DE VALORES BRUTO <<< 
>>> .******* VALORES RECOGIDOS ARMONIZADOS .<<<<<**** 
>> CANT. VALORES <<682
443
444
416
427
449
467
465
435
414
436
467
462
446
437
409
420
469
479
421
423
425
440
457
496
430
394
425
451
453
483
450
392
425
450
459
467
457
400
413
453
459
453
453
408
413
460
465
461
450
418
408
455
469
463
457
414
404
452
461
476
456
416
401
440
464
467
459
420
407
431
463
473
464
423
389
419
458
479
481
433
408
410
429
463
491
450
418
410
415
466
485
461
437
402
410
446
472
489
453
404
398
423
469
491
462
435
405
407
442
468
496
461
409
399
407
462
487
475
454
399
401
424
459
497
475
435
408
401
427
469
498
473
409
403
389
442
473
489
473
415
393
395
439
480
491
474
416
388
399
439
485
494
469
412
389
395
435
480
497
479
425
389
391
423
471
501
495
421
394
387
417
460
493
501
442
404
390
398
443
499
497
465
426
377
374
424
479
488
496
449
392
391
404
435
498
513
466
425
389
375
414
477
500
504
454
403
376
387
438
487
505
487
436
390
383
400
448
495
503
476
437
391
373
409
450
499
508
480
427
386
378
406
451
503
501
485
429
387
375
402
448
496
512
485
443
395
369
394
433
488
511
499
459
399
377
375
419
475
500
517
472
424
380
365
401
442
501
511
495
451
397
371
375
415
474
506
517
476
426
382
364
386
435
484
504
505
469
416
377
369
397
444
488
509
499
469
413
375
372
401
442
489
508
508
466
416
378
368
397
433
491
504
510
470
431
393
373
383
420
469
501
503
483
448
402
375
381
402
450
491
500
503
465
429
394
375
387
423
464
494
499
497
459
420
391
381
391
433
466
492
501
496
459
411
392
389
390
433
467
489
498
489
460
419
399
385
387
427
454
481
497
491
459
442
410
388
391
408
437
470
493
487
485
463
419
401
391
390
419
448
479
491
488
474
454
416
396
398
402
419
450
481
489
487
471
453
419
403
397
400
417
443
471
>>> FIN  DE ARCHIVO  DE VALORES ARMONIZADOS <<< 
el cero de peso izquierdo es: 47.0
el span de peso izquierdo es: 9.463719187537034
443
444
416
427
449
467
465
435
414
436
467
462
446
437
409
420
469
479
421
423
425
440
457
496
430
394
425
451
453
483
450
392
425
450
459
467
457
400
413
453
459
453
453
408
413
460
465
461
450
418
408
455
469
463
457
414
404
452
461
476
456
416
401
440
464
467
459
420
407
431
463
473
464
423
389
419
458
479
481
433
408
410
429
463
491
450
418
410
415
466
485
461
437
402
410
446
472
489
453
404
398
423
469
491
462
435
405
407
442
468
496
461
409
399
407
462
487
475
454
399
401
424
459
497
475
435
408
401
427
469
498
473
409
403
389
442
473
489
473
415
393
395
439
480
491
474
416
388
399
439
485
494
469
412
389
395
435
480
497
479
425
389
391
423
471
501
495
421
394
387
417
460
493
501
442
404
390
398
443
499
497
465
426
377
374
424
479
488
496
449
392
391
404
435
498
513
466
425
389
375
414
477
500
504
454
403
376
387
438
487
505
487
436
390
383
400
448
495
503
476
437
391
373
409
450
499
508
480
427
386
378
406
451
503
501
485
429
387
375
402
448
496
512
485
443
395
369
394
433
488
511
499
459
399
377
375
419
475
500
517
472
424
380
365
401
442
501
511
495
451
397
371
375
415
474
506
517
476
426
382
364
386
435
484
504
505
469
416
377
369
397
444
488
509
499
469
413
375
372
401
442
489
508
508
466
416
378
368
397
433
491
504
510
470
431
393
373
383
420
469
501
503
483
448
402
375
381
402
450
491
500
503
465
429
394
375
387
423
464
494
499
497
459
420
391
381
391
433
466
492
501
496
459
411
392
389
390
433
467
489
498
489
460
419
399
385
387
427
454
481
497
491
459
442
410
388
391
408
437
470
493
487
485
463
419
401
391
390
419
448
479
491
488
474
454
416
396
398
402
419
450
481
489
487
471
453
419
403
397
400
417
443
471
>>>>>>>>>>Valor Minimo DEL EJE 1: 364.0
