  BITACORA DE LOS DATOS DE LA PRUEBA DE FUERZA VERTICAL DERECHA DEL EJE TRASERO
>>> .******* VALORES RECOGIDOS EN BRUTO .<<<<<**** 
>> CANT. VALORES <<681
1587
803
775
741
779
747
777
818
763
748
768
761
784
795
774
754
765
767
778
801
780
739
779
758
783
804
776
744
778
757
772
805
787
740
787
740
773
805
769
781
763
755
767
799
775
795
775
754
775
775
794
784
757
790
755
771
793
779
784
772
760
764
778
784
780
764
788
760
769
779
781
784
763
783
765
772
780
780
782
783
768
761
771
792
774
792
779
767
760
769
784
782
787
786
773
762
766
783
786
784
787
769
760
763
785
774
791
781
775
761
769
776
779
778
772
798
776
763
763
767
773
787
791
775
764
760
772
767
789
769
797
783
762
760
772
776
785
796
790
762
764
764
772
775
794
797
783
752
761
762
775
775
792
800
787
760
758
765
773
772
791
797
789
759
763
761
772
769
783
785
797
781
770
763
756
760
778
784
812
795
770
758
755
757
769
784
789
808
791
766
755
754
760
767
787
803
801
792
766
752
749
756
771
790
807
804
784
767
751
747
754
763
783
808
817
796
772
750
747
747
758
779
801
817
801
779
757
743
745
748
763
784
802
829
811
771
759
739
730
758
768
784
809
826
808
771
756
739
732
753
766
788
804
831
811
779
758
739
731
745
761
776
798
813
815
803
771
754
738
733
746
769
783
803
813
811
790
771
754
739
736
747
771
781
795
807
805
800
784
761
743
744
747
759
777
788
797
802
810
795
778
765
745
742
753
759
775
784
795
797
804
796
783
771
756
745
751
754
765
776
787
793
802
799
789
779
766
753
749
750
755
767
771
787
789
795
799
792
784
780
764
755
751
751
756
768
775
780
789
801
795
795
784
776
767
759
749
755
755
768
771
779
785
787
795
799
794
787
773
768
755
754
755
759
763
768
776
779
782
799
803
793
791
780
770
759
760
755
753
760
763
767
775
781
779
796
800
795
792
784
780
770
766
756
759
755
757
763
767
767
779
781
795
797
796
798
792
778
780
767
765
759
761
757
761
760
764
768
773
784
786
789
803
801
795
787
784
775
774
768
764
761
759
757
757
759
759
767
773
781
787
792
800
803
796
794
786
783
778
775
775
768
763
762
755
755
752
755
765
768
776
785
792
794
799
803
797
791
789
784
784
780
776
775
770
764
763
755
755
752
752
761
761
768
776
785
787
791
795
800
796
798
795
790
794
790
787
787
780
779
771
761
759
755
751
749
752
756
756
763
768
771
777
779
792
792
794
799
796
797
795
795
796
794
791
789
787
784
780
773
768
759
758
755
753
751
750
752
755
757
760
765
769
774
779
786
787
793
795
795
797
795
796
795
795
792
794
795
791
791
786
784
782
775
775
770
768
768
765
762
763
762
755
755
755
754
758
757
757
761
763
763
767
772
774
778
783
783
783
787
786
791
792
790
790
791
791
794
795
795
794
795
795
792
793
791
789
789
788
790
788
784
784
781
779
777
771
771
769
770
767
763
763
761
759
757
752
754
755
753
751
752
752
753
751
754
756
758
760
761
765
770
775
777
779
781
785
787
787
790
792
794
797
800
798
801
803
803
804
801
799
797
795
795
794
790
789
787
784
783
782
>>> FIN  DE ARCHIVO  DE VALORES BRUTO <<< 
el cero de peso derecho es: 384.0
el span de peso derecho es: 9.2000745489787
803
803
775
741
779
747
777
818
763
748
768
761
784
795
774
754
765
767
778
801
780
739
779
758
783
804
776
744
778
757
772
805
787
740
787
740
773
805
769
781
763
755
767
799
775
795
775
754
775
775
794
784
757
790
755
771
793
779
784
772
760
764
778
784
780
764
788
760
769
779
781
784
763
783
765
772
780
780
782
783
768
761
771
792
774
792
779
767
760
769
784
782
787
786
773
762
766
783
786
784
787
769
760
763
785
774
791
781
775
761
769
776
779
778
772
798
776
763
763
767
773
787
791
775
764
760
772
767
789
769
797
783
762
760
772
776
785
796
790
762
764
764
772
775
794
797
783
752
761
762
775
775
792
800
787
760
758
765
773
772
791
797
789
759
763
761
772
769
783
785
797
781
770
763
756
760
778
784
812
795
770
758
755
757
769
784
789
808
791
766
755
754
760
767
787
803
801
792
766
752
749
756
771
790
807
804
784
767
751
747
754
763
783
808
817
796
772
750
747
747
758
779
801
817
801
779
757
743
745
748
763
784
802
829
811
771
759
739
730
758
768
784
809
826
808
771
756
739
732
753
766
788
804
831
811
779
758
739
731
745
761
776
798
813
815
803
771
754
738
733
746
769
783
803
813
811
790
771
754
739
736
747
771
781
795
807
805
800
784
761
743
744
747
759
777
788
797
802
810
795
778
765
745
742
753
759
775
784
795
797
804
796
783
771
756
745
751
754
765
776
787
793
802
799
789
779
766
753
749
750
755
767
771
787
789
795
799
792
784
780
764
755
751
751
756
768
775
780
789
801
795
795
784
776
767
759
749
755
755
768
771
779
785
787
795
799
794
787
773
768
755
754
755
759
763
768
776
779
782
799
803
793
791
780
770
759
760
755
753
760
763
767
775
781
779
796
800
795
792
784
780
770
766
756
759
755
757
763
767
767
779
781
>>>>>>>>>>Valor Minimo DEL EJE 1: 730.0
